-77.1370115,39.1329803
-77.0391754,38.8501078
-76.745195,39.1089644
-77.2749964,39.4140137
-77.4816693,38.9658112
-76.7913558,39.4205296
-77.6307018,39.2587484
-76.6528225,38.8111447
-77.3439283,38.6418278
-77.1255055,39.6923494
-76.4215988,39.295848
-76.9873477,38.5299364
-77.9053182,39.0007289
-77.7337628,38.7251427
-77.5504779,39.6478492
-76.2826675,38.952314
-76.5719414,39.6693606
-77.9624435,39.406384
-76.5661622,38.4765545
-77.5390127,38.3836812
-76.8144298,39.9100964
-77.2347674,39.9729262
-78.2703951,39.1616759
-77.1485163,38.2372863
-76.1435915,39.5675952
-76.1377935,38.6834793
-78.1593766,38.7134739
-75.9579358,39.0971804
-77.9510209,39.7820331
-77.665066,39.9847065
-76.7682775,38.2048528
-77.9967043,38.4319863
-76.3521514,39.9365876
-78.3614672,39.5393157
-76.1551866,38.3918476
-78.4979248,38.8965185
-76.860565,40.1976672
-77.665066,38.0749603
-76.3695167,38.1118968
-75.6440842,38.9049922
-75.7487779,39.6203775
-77.3094674,40.3188011
-78.099421,40.0710807
-77.1370115,37.9134646
-78.509288,38.5564924
-75.9579358,39.9290961
-78.7,39.26
-75.5509602,39.3013331
-78.4524591,39.8335457
-75.7592457,38.4597961
-78.187719,38.1373298
-76.3868797,40.2927633
-77.779537,40.3398705
-78.7816219,39.5503927
-75.911483,38.1658605
-76.8144298,37.77296
-78.8835548,38.9135817
-77.4931403,37.7538236
-76.8028933,40.5019612
-78.5547283,38.2492969
-75.4111644,38.6706584
-75.9579358,40.2306667
-75.4985521,39.8464022
-77.9338846,37.7950671
-77.3116215,40.6165978
-78.9231667,38.5604496
-78.5320107,40.1757986
-79.0871005,39.2417629
-76.3817724,37.7159347
-78.8609122,39.8738557
-75.1662121,39.2825609
-75.3995089,38.3708595
-78.2248291,40.4569395
-75.1778853,39.5780239
-77.1600201,37.5395334
-75.5477029,40.1767757
-75.5509602,38.0695412
-76.3753046,40.6413389
-77.9167457,40.6553935
-78.9627624,38.2678944
-79.1774268,39.6597028
-78.4524591,37.8109105
-79.2451149,38.7824022
-77.665066,37.4890452
-76.7913558,37.4564007
-75.9695465,40.5620797
-74.9384135,39.0238037
-75.0669552,38.5494249
-76.8836261,40.8206063
-75.0932352,39.8670843
-77.5848665,40.8294858
-78.8156113,37.9719378
-75.7836589,37.7243261
-78.9118506,40.2383961
-79.4253776,39.0468429
-79.4253776,39.375842
-76.3695167,37.4130634
-78.6228504,40.5273374
-75.5160235,40.4752449
-77.3898602,37.2913946
-78.2703951,37.4987876
-75.1487007,40.1829884
-74.7571147,39.4820948
-78.2703951,40.7822525
-79.391605,38.4535426
-79.3240228,40.0294587
-77.3094674,41.0378444
-76.9873477,37.1946451
-76.2131474,40.920069
-75.9347113,37.4189537
-78.8088353,37.6430538
-77.9624435,40.999427
-75.737149,40.811639
-79.2281975,37.9741228
-79.6277523,39.6602718
-74.7102958,39.8388924
-76.6008334,37.1457143
-77.7566523,37.1616436
-76.7221082,41.1194146
-79.7063317,38.7310337
-79.7624177,39.1801465
-79.2789407,40.3489885
-78.9627624,40.6609784
-75.0786357,40.4933139
-78.2248291,37.1990366
-74.7673546,40.2187428
-75.3178952,40.7581175
-74.370477,39.4195984
-78.7249469,40.907908
-79.7624177,38.3930636
-79.7063317,40.0237091
-77.0794705,41.3286247
-76.8490328,36.9260086
-77.4472495,36.9069422
-78.6795836,37.2437927
-76.0275859,41.1940762
-77.5160788,41.3576886
-76.3232042,36.9555045
-74.3352858,39.7878214
-79.0871005,37.4513331
-80.0479039,38.8695615
-75.5917092,41.0851955
-80.0311364,39.6140631
-79.6628408,40.3375105
-79.6951103,37.9900677
-79.4141214,40.623285
-76.5257007,41.3824947
-78.0537813,41.3264709
-77.9053182,36.8702323
-79.4816378,37.6665155
-74.3587473,40.0918895
-78.5747912,41.2087903
-74.6472522,40.5106594
-74.9150313,40.7894082
-80.2098219,39.3011575
-80.0646682,39.9128559
-79.1153367,41.0105965
-78.5433701,36.9341002
-80.1763467,38.4807954
-79.0419053,37.1511986
-76.9412601,36.6398355
-80.0870155,38.181026
-75.1311874,41.0897282
-75.9666439,36.7892826
-80.0479039,40.2514386
-76.4331698,36.6670596
-75.7197039,41.3967921
-77.6994197,41.6141568
-77.3094674,36.5951827
-79.4341705,37.348802
-76.8028933,41.6508891
-79.7960523,40.6378147
-76.2363248,41.5932539
-78.3387066,41.5239337
-74.2296713,40.4031697
-78.2817834,36.7065321
-80.4437781,38.7732872
-77.802417,36.5728019
-79.5940544,40.920357
-80.4437781,39.6387095
-77.3324425,41.7308901
-74.4232507,40.7623187
-79.0419053,41.3366234
-80.0534923,37.7690826
-78.9231667,36.8589194
-80.3881333,40.0927962
-80.610489,39.0870101
-75.2187346,41.4010704
-74.6985891,41.1009158
-80.1651854,40.5593731
-80.5549561,38.4287243
-75.795284,41.6952658
-79.4366324,41.2646703
-79.7960523,37.293176
-79.4591378,37.0302462
-76.606611,36.3578591
-80.3769999,37.9327652
-78.6682395,36.5951908
-77.0334179,36.3097236
-76.9873477,41.9460642
-75.9869609,36.4397518
-80.7879407,39.3897214
-74.0079781,40.6560436
-78.8156113,41.6703309
-77.5390127,36.2788051
-80.0423151,40.9201979
-77.7108686,41.9584627
-76.317414,41.9255352
-80.7436141,39.8368398
-78.32021,36.3972529
-80.8433145,38.84692
-78.2703951,41.8904465
-74.8331674,41.438079
-74.2942208,41.0601152
-79.2563916,36.7354103
-80.5549561,40.4205935
-77.939597,36.2455339
-75.3761952,41.7588565
-80.3881333,37.5651114
-75.9230976,41.9744206
-80.7325287,38.0664173
-79.8520818,36.9690834
-81.0533854,39.1219963
-74.4349761,41.3740086
-80.4771472,40.786759
-79.9416549,41.3002878
-77.3668965,42.174089
-80.9650023,38.4507758
-79.5378634,41.5810796
-76.7567368,36.0656044
-78.7022678,41.9537701
-78.9627624,36.4094786
-80.9207737,40.0953458
-80.254435,37.2578715
-76.6699545,42.1859234
-73.8713099,40.9413523
-78.0423683,42.1402551
-81.0975397,39.5782129
-73.6006342,40.6260153
-74.947181,41.7486639
-79.1322744,41.8583345
-75.8185314,36.137925
-77.3094674,35.9549438
-80.3435908,41.1357954
-78.2476146,36.0730279
-80.75,37.65
-79.7175517,36.6590906
-76.2015572,42.2416626
-75.4577775,42.0707244
-73.9536163,41.2379011
-80.8322428,40.654816
-78.6795836,36.1364544
-81.2408689,38.6697851
-81.0092062,40.3862137
-81.1085744,38.1794739
-77.7680952,35.9173166
-74.511172,41.6822326
-79.3465557,36.3803903
-80.610489,37.3291982
-81.3509416,39.2993006
-79.9416549,41.6173685
-81.3289397,39.8107669
-77.1715228,42.4333512
-81.4059186,38.9831253
-80.3213106,36.9446308
-77.7223162,42.4169882
-75.0377502,42.0544685
-78.4297187,42.316676
-76.8951551,35.7812506
-73.4062342,40.8786991
-81.1085744,37.8643855
-76.4830579,42.4467049
-74.0535126,41.5306113
-76.1319953,35.8443545
-80.7879407,41.0125457
-75.7836589,42.3444463
-79.0871005,42.1673619
-81.3179364,40.1665748
-79.5378634,41.974818
-80.1316927,36.6836606
-79.0871005,36.0887108
-80.3825668,41.5019507
-75.6091696,35.8993832
-73.5005111,41.1674509
-78.1906417,35.7773262
-77.5734048,35.6714612
-81.583291,39.5661291
-74.5228916,41.9848097
-78.6228504,35.8409242
-81.4828198,38.3120472
-81.1030573,37.4786642
-73.0552854,40.7451572
-81.3289397,40.5623037
-79.6614376,36.2152163
-75.3062326,42.3699638
-80.7990185,37.0573212
-79.9752212,36.3708661
-79.9864071,41.9365696
-80.7436141,41.3679647
-76.8144298,42.6719715
-77.4242972,42.6740901
-78.2248291,42.5864466
-74.0858207,41.8389845
-81.455364,37.9690831
-78.9175088,42.4333399
-81.7472287,39.1200722
-81.229853,40.8467103
-76.0623979,42.6104215
-73.6653939,41.5430464
-76.5257007,35.5681462
-81.7458845,38.7066398
-77.2060241,35.5033727
-77.9510209,35.548636
-81.39,37.66
-74.7102958,42.2808819
-80.3881333,41.8136873
-81.7458845,40.0249905
-81.0865035,41.2259035
-79.3127543,42.4226079
-80.5660657,36.6014178
-77.9167457,42.775887
-73.1231585,41.228775
-76.01598,35.5092451
-79.4028639,35.8589519
-81.9425701,39.4242932
-78.3614672,35.5029834
-81.8552196,38.3804325
-78.6682395,42.6992512
-75.6440842,42.7114187
-81.7568253,40.361124
-78.951451,35.6453952
-81.229853,37.1645666
-80.3435908,36.3262595
-74.9581396,42.5420603
-76.3868797,42.8802435
-76.8778612,35.3221923
-77.1255055,42.9286351
-74.1005044,42.1576401
-80.0199562,36.0737937
-73.6771662,41.9037411
-81.0092062,36.8069363
-82.0625052,38.8637954
-80.9097127,41.6688005
-72.6505957,40.8432396
-81.8442934,38.0125527
-77.4931403,35.285623
-82.0516102,39.7398891
-81.6802054,40.7696197
-77.5734048,42.9691924
-73.2057595,41.5627069
-81.521241,41.0440386
-76.5257007,35.2667626
-79.7960523,35.8392781
-81.7896381,37.7030623
-74.5580454,42.5578506
-82.2365981,39.2070892
-75.9695465,42.9819148
-81.3289397,41.4634507
-82.1822399,38.5699397
-79.3465557,35.5623451
-77.8595963,35.193518
-78.2248291,43.0100971
-82.1604849,40.0538592
-81.6582994,37.3125199
-77.1715228,35.1217955
-76.7567368,43.1153332
-80.8765205,36.4112856
-78.713608,35.3094774
-75.1778853,42.880353
-81.4059186,36.8791039
-72.6978931,41.3395325
-80.3769999,35.9953936
-73.6948234,42.2196948
-78.9005333,42.9486552
-82.0733985,40.5957639
-74.1592278,42.5213782
-82.2365981,38.2072818
-73.2824331,42.0048452
-75.5393155,43.0512905
-81.6802054,41.33031
-77.1715228,43.2394793
-82.4319405,39.5292702
-81.986206,40.9521188
-82.4644445,38.942403
-76.8144298,34.9855939
-72.3015121,41.0092107
-72.8101887,41.6530611
-77.665066,43.2658801
-76.3289941,43.2450888
-82.2257298,37.8804698
-79.1774268,35.2762929
-76.3405733,34.9865741
-81.3069315,36.5401134
-78.3387066,35.0457992
-82.0189155,37.4329963
-80.8322428,36.1066982
-80.0758425,35.6141751
-74.5697617,42.8746212
-78.5887951,43.2005462
-82.3966872,40.3760148
-82.5510469,39.8959083
-79.7960523,35.4281223
-75.841775,43.2797488
-77.8138553,34.8850947
-82.5510469,38.4686596
-81.898908,37.0739038
-73.712479,42.5338243
-77.4013403,34.8425818
-78.133638,43.3445994
-82.669947,39.2352128
-72.8633635,41.9462494
-72.3074326,41.3466014
-78.9005333,35.0500543
-80.4382153,35.6923678
-82.0625052,41.2676423
-81.7568253,36.7757445
-74.9150313,43.1259089
-73.3590802,42.3861466
-78.9966888,43.2408778
-74.006509,42.7956221
-75.2712393,43.2727221
-82.4644445,40.7632194
-81.229853,36.1365807
-72.4139787,41.6833811
-76.5430429,34.7332404
-82.4427769,37.6410726
-82.6267345,38.0643297
-82.7994194,38.7451748
-82.8287945,39.6050434
-76.9297354,34.6944616
-79.4816378,35.0967907
-81.6692532,36.4694353
-72.9696779,42.2987566
-82.4102628,41.091172
-74.5228916,43.1719346
-80.9207737,35.7678029
-76.1088001,43.5683841
-82.4102628,37.3313785
-80.2098219,35.3213858
-82.8532928,40.2006167
-78.0423683,34.6467056
-82.7562895,40.5497252
-78.7249469,34.7560067
-82.269193,37.0133239
-72.4494848,41.9878742
-82.9716617,39.9119721
-82.8909785,38.2750384
-71.9164217,41.3714388
-73.5947459,42.8405817
-77.5390127,34.5521821
-75.5509602,43.5734504
-73.2529464,42.6852841
-74.9208772,43.4340034
-74.006509,43.0993421
-79.1774268,34.7974004
-83.1005505,39.0544378
-80.6548882,35.4002721
-82.8101975,37.7275577
-72.0231125,41.6887513
-82.7670745,40.9436075
-81.7021049,36.1379754
-83.1863358,39.3905459
-79.8072611,34.9394992
-82.1659243,36.6159085
-83.1434573,38.557159
-78.3614672,34.5031628
-81.3289397,35.7655407
-82.5834947,41.3822571
-72.5559746,42.3592048
-82.7724664,37.4019206
-72.8101887,42.5846501
-82.6267345,37.0894781
-74.4291135,43.460894
-83.1434573,40.4112712
-80.1651854,34.9691766
-83.3148018,39.727338
-76.0275859,43.8686299
-77.8938895,34.3370418
-83.2673692,40.1075508
-72.0231125,41.9968151
-83.357567,38.8199214
-82.1060683,36.2839784
-71.536786,41.4255848
-83.1756188,38.0027224
-80.5216184,35.0849752
-79.5378634,34.6542646
-81.1416691,35.4371041
-73.111356,42.9675728
-79.1322744,34.487216
-83.1434573,40.8156989
-82.5834947,36.7445732
-74.006509,43.4388747
-73.5711912,43.2533606
-74.7337069,43.7093962
-75.4461256,43.9071254
-83.3789389,38.2563616
-81.8224362,35.854382
-82.9716617,41.2869091
-80.9041817,35.1743999
-72.1297653,42.3298553
-78.7249469,34.3185672
-71.6436028,41.8196045
-83.5496566,39.1838139
-83.2353771,37.6248506
-82.4536115,36.3926398
-83.0039075,37.1656917
-72.3099167,42.5903491
-76.2942507,44.1165751
-83.570964,38.5395962
-83.6561215,39.4996294
-81.5377013,35.4656047
-83.6135572,39.9491278
-80.0311364,34.6082338
-72.561284,42.8503275
-83.5603112,40.3031943
-82.9609096,36.8425326
-77.9167457,34.0325002
-74.2653895,43.7824656
-73.111356,43.2694042
-82.269193,35.9814724
-71.6732681,42.1744247
-75.7103892,44.1557568
-71.263663,41.6792923
-78.3159411,34.0604897
-83.7730237,38.8532231
-83.4109834,41.0425109
-83.3254958,37.3121262
-79.5041322,34.2895593
-79.1322744,34.1800211
-73.6300729,43.6094029
-82.8425216,36.5027168
-83.634843,40.6622015
-74.6209694,43.9928998
-83.6880257,38.0735073
-72.7215385,43.1625795
-80.9097127,34.8415786
-83.2398943,41.5521944
-81.229853,35.0074096
-71.3468091,42.0101231
-75.0193094,44.1402857
-83.6295222,37.7059009
-81.9752995,35.4955698
-71.8334145,42.5768698
-83.9638426,39.2991686
-82.6267345,36.101366
-80.5216184,34.5597785
-79.8968798,34.2898095
-83.3518889,37.0092
-72.0705185,42.8426433
-70.7763169,41.3355596
-83.9532571,40.1308345
-84.0061661,39.816412
-81.7458845,35.2294387
-78.7702895,33.9272136
-82.3234843,35.6922407
-73.0641396,43.5622735
-72.3074326,43.1069016
-70.8714528,41.6413582
-82.6159271,42.5772353
-83.9426698,40.4457746
-83.7730237,40.9420398
-83.9744262,38.2884501
-71.4596201,42.4248817
-83.624201,41.3149386
-84.1224036,38.9857886
-83.2077645,36.5456022
-82.9232635,42.3768356
-75.3617404,44.4198661
-83.1541796,42.1406124
-84.1435136,38.6323834
-79.3578201,33.9357189
-83.7517851,37.3566992
-84.2173403,39.5598101
-83.4456801,41.8047858
-73.7890242,44.0247825
-72.6269437,43.4668366
-83.0146526,36.1678724
-82.6840319,35.7972953
-71.1299976,42.2527785
-79.7624177,34.0143667
-82.4861053,42.8991801
-74.2637865,44.2239175
-74.8071898,44.3930384
-70.8714528,41.98664
-81.7021049,34.9203237
-73.3226985,43.8998981
-83.9955879,37.6774189
-82.116955,35.2105521
-71.4893013,42.7189172
-83.528342,36.7139076
-84.1435136,37.959945
-84.3647199,39.2364358
-84.1540659,40.7199785
-71.691066,42.9693522
-83.7517851,41.620939
-84.3436881,39.9972759
-81.1857736,34.5218485
-72.2126905,43.391957
-79.0306032,33.6750835
-80.8765205,34.3230497
-82.5726805,35.4576471
-80.2209773,34.0188023
-84.3331694,40.394468
-70.4372404,41.6185446
-72.8291455,43.7968435
-84.0378894,41.2270664
-83.0039075,42.6795602
-83.8154791,36.9329284
-84.490753,38.8475855
-83.5603112,42.1247778
-71.0854325,42.5750833
-80.5660657,34.0790028
-83.3735966,42.3939863
-84.5431867,39.7093706
-82.5294065,43.2110534
-71.8334145,43.2931046
-73.7864011,44.3225401
-79.582819,33.6900453
-83.1112798,35.8159964
-83.3896222,36.1351026
-75.2589141,44.7365465
-84.2910759,40.999029
-84.5012435,38.3773283
-82.116955,34.9041714
-84.1224036,37.2584642
-81.5815776,34.5058576
-70.0264952,41.2708115
-82.4969331,35.1363485
-83.6986568,36.4217678
-82.9286428,43.0145327
-84.4946871,38.0468188
-74.6607867,44.6846035
-73.0346278,44.1188326
-81.8879884,34.6586101
-72.4001149,43.7951514
-71.263663,42.9731785
-82.9689738,35.5277166
-84.1435136,41.5719341
-84.7211074,39.0871388
-84.6583745,40.216496
-84.406761,37.602131
-83.9214896,42.0064623
-83.9638426,36.6185504
-80.9594751,34.0258687
-72.0285561,43.6795434
-83.4323375,42.7244204
-73.3877877,44.3983146
-71.3943127,43.2483267
-70.0622231,41.7099794
-84.8411536,39.5014884
-84.6688348,40.6943313
-79.9864071,33.5907516
-70.6811613,42.6186994
-81.4169093,34.196841
-83.7836403,42.4022733
-74.1016624,44.6917959
-79.3352899,33.3809044
-70.2051148,42.0413342
-84.8776392,39.9708939
-80.4771472,33.7183502
-84.8776392,38.6877067
-70.8536164,42.8889035
-84.5746243,41.2235399
-74.8876321,44.9529397
-72.513809,44.1134055
-82.8425216,43.4328969
-82.9286428,35.1623356
-84.3962535,37.0366796
-83.4643551,35.6944147
-83.8260884,36.1259258
-82.4536115,34.7389669
-71.6304407,43.6236211
-84.3331694,41.8396194
-83.3789389,43.0221538
-84.8984775,38.2481018
-81.9643913,34.3664464
-72.9615904,44.4095545
-84.6269824,37.3677067
-85.0649071,39.2578105
-73.6589888,44.7133338
-84.981754,40.4040725
-72.0369338,43.9713738
-84.7942091,37.6729107
-70.9368469,43.1751332
-84.1646163,42.265309
-74.3190606,44.9509042
-85.1375645,39.7460352
-84.8776392,40.9863152
-84.1540659,36.3262043
-84.3857442,36.6821837
-84.6269824,41.6154354
-83.9108968,42.6827001
-83.2613054,43.3335504
-82.7562895,43.7333734
-79.8520818,33.2690494
-82.8532928,34.8400132
-85.1997667,38.9413607
-80.2990246,33.3938476
-81.2739073,33.7774636
-82.3234843,34.3785055
-83.9214896,35.8379726
-85.1790404,38.4386169
-71.0576748,43.4897149
-80.8765205,33.5711678
-71.6245215,43.9319576
-85.2515482,40.1504532
-83.5842775,35.3983841
-72.4429526,44.4140896
-83.7942551,43.0164056
-85.1686743,40.7163045
-73.1437808,44.7603371
-85.1686743,38.0275861
-81.7021049,33.9068451
-84.8150781,37.0556968
-84.2910759,42.5461033
-84.5536678,42.1959178
-83.3254958,35.0205231
-72.0169156,44.2889709
-85.0025539,41.4329711
-71.2078246,43.7773848
-84.7524482,41.9387282
-80.6548882,33.332329
-85.0856761,37.4728309
-83.2613054,43.659359
-72.6933975,44.6720759
-73.4620969,44.9800395
-85.4788065,39.3574436
-84.2805478,35.9858908
-82.7562895,34.4490546
-84.5431867,36.3337797
-85.2101269,41.1614273
-85.4684971,38.6597559
-82.2365981,34.0636094
-79.6726632,32.9425728
-70.587021,43.417317
-85.5509164,39.7420146
-84.8567932,36.7571907
-83.7411631,43.37045
-80.2098219,33.0752648
-85.4891138,40.4554483
-83.1434573,34.647757
-83.0146526,44.0156065
-85.6229296,39.0100292
-84.2067992,43.0089792
-85.4994192,38.1673072
-84.0801613,35.4864793
-83.7199136,35.0964003
-85.6332093,40.1552316
-81.1416691,33.3236085
-85.4974177,40.8830771
-71.2532593,44.1054737
-85.1686743,41.7190061
-72.2116151,44.6722196
-71.6168766,44.3465874
-81.7130522,33.5857518
-85.4581859,37.7851587
-70.6866688,43.7344375
-84.8984775,36.4574375
-84.6583745,42.6517139
-84.9609464,42.2637126
-82.1496049,33.7476391
-84.1435136,43.295541
-79.9975916,32.8017595
-85.2411958,36.9771126
-72.6167636,44.9661372
-83.0898194,34.3248224
-85.7769164,38.4616444
-83.570964,34.7150955
-82.7778579,34.074498
-85.4891138,41.4630356
-84.5117321,35.6922536
-85.899783,39.5487322
-85.9100089,39.8887899
-80.5216184,32.8762589
-80.9318332,33.0296896
-70.2356288,43.5887691
-71.776049,44.6778754
-84.8046446,35.987992
-85.5920787,37.4608223
-85.971322,39.1265636
-70.7396633,44.04546
-85.8690933,40.5813368
-85.7051116,41.2210557
-84.0895376,43.6036929
-85.3446321,42.0334481
-85.9917437,38.8147216
-85.8793252,38.1495841
-82.0733985,33.4647333
-84.448772,35.3837976
-86.0223611,40.1692236
-71.1354028,44.4176926
-72.0749941,44.9471455
-83.6135572,44.08859
-83.9744262,34.8457601
-84.7524482,43.0352846
-83.4430118,34.3552978
-81.8005724,33.2797952
-85.9100089,40.9469
-85.1271907,42.5846791
-85.3342973,36.5399673
-85.1583064,36.2412642
-85.8647201,37.7030051
-85.6691726,37.1487546
-82.6915429,33.7142683
-81.3619402,32.98209
-84.8776392,35.6974597
-85.6640365,41.8578585
-70.3034777,43.9683677
-80.3213106,32.5700066
-83.2184763,34.022017
-86.2463337,39.6841663
-83.7942551,34.473045
-84.5850997,43.4519585
-86.2767995,39.3649383
-85.8690933,41.5471471
-85.4684971,42.3733085
-86.2056843,38.4552776
-80.9650023,32.7301909
-85.643487,36.7455197
-83.3254958,44.5527127
-70.5495492,44.315952
-84.1646163,43.9662887
-86.2869507,40.4227402
-86.3478151,39.9956935
-71.3564273,44.8572712
-84.5012435,35.0245776
-85.2101269,42.9000854
-86.1141045,41.1954092
-69.8252809,43.7777618
-86.4086061,38.963881
-86.2056843,37.8857218
-82.1822399,33.1592735
-84.5431867,43.7564101
-83.8260884,44.3647476
-83.0576156,33.6686427
-85.5406209,36.2452673
-86.1141045,37.4258121
-85.8281458,42.1408714
-81.8552196,32.9370038
-82.669947,33.3788405
-84.8359395,35.2148165
-85.3962769,35.9577959
-70.7997039,44.6657942
-86.3782198,40.7807397
-84.3331694,34.6647455
-85.971322,36.9289778
-85.1375645,43.2553215
-80.7879407,32.4481986
-83.7942551,34.1411329
-84.1435136,34.412912
-86.438974,38.1572869
-85.2308414,35.6028856
-85.6229296,42.6828191
-70.1342713,44.2799306
-86.6107106,39.5922244
-81.6035062,32.7074673
-86.2767995,41.5211256
-86.6006249,38.6247363
-83.4856913,33.7809772
-84.2278796,44.2914755
-70.9657922,44.9447492
-86.2158497,41.8177914
-84.9609464,43.6608819
-86.6711817,40.1896441
-71.2679791,45.1510723
-81.2739073,32.4829365
-69.7193049,44.0898582
-85.1686743,35.3161809
-85.9917437,36.5638216
-83.4646133,44.9065814
-86.4440335,37.6118723
-86.5198651,41.1681788
-85.5817911,43.0314956
-86.7818523,39.3177867
-70.2829313,44.6129075
-86.8019473,39.9167441
-83.8260884,44.7400133
-84.7315563,34.7046413
-82.366887,32.9133543
-86.0733498,42.3857578
-83.0361376,33.2882621
-85.6229296,35.7268096
-86.8621827,38.9873427
-86.438974,37.2224562
-86.761749,40.7718746
-86.7843646,38.3542636
-85.9100089,36.1283726
-69.3479838,43.9730798
-81.0533854,32.2425929
-83.9691346,33.8889565
-84.2173403,34.0952227
-84.8567932,44.0565054
-85.4169211,43.4882874
-86.8772298,40.4350547
-82.0516102,32.6357118
-85.0441304,34.8719806
-86.357952,42.1193949
-86.7445355,37.911385
-86.3680869,36.8665542
-69.8638541,44.4985594
-84.5012435,34.2745511
-84.2910759,44.6144607
-86.6006249,41.6906195
-85.9917437,42.8522633
-85.5509164,35.3855636
-86.9724198,38.6453952
-81.5815776,32.3240291
-83.666758,33.4895472
-70.2851003,44.9216528
-87.0724164,40.1391006
-87.1123564,39.6263731
-85.2515482,43.9024372
-86.357952,36.5323737
-82.713132,32.8443277
-84.6479124,44.4626923
-83.4658332,45.2819607
-69.397458,44.2970158
-85.8383857,43.2829233
-85.4066,35.029192
-83.9352816,45.0261032
-86.8822445,41.4191607
-87.202099,39.1417109
-86.8822445,37.5337557
-86.0529604,35.8070317
-87.0524338,38.100323
-84.8984775,34.358156
-84.0378894,33.5860573
-87.1023746,40.9627687
-84.3594626,33.81842
-87.2518824,38.8406097
-86.2970998,36.0758072
-81.0202533,31.9134308
-85.6229296,43.7646096
-86.8521486,37.2020294
-83.4430118,33.1089858
-87.202099,38.3886155
-70.5765834,45.3423793
-87.2419299,40.5409257
-69.7878754,44.8313447
-86.2056843,43.1022979
-84.6583745,34.0041089
-85.2618987,34.5828809
-82.1496049,32.3156707
-68.8356681,44.0752197
-82.5834947,32.522133
-83.2184763,32.8839701
-85.9508923,35.3886461
-69.3428486,44.5940062
-85.1479364,44.4096844
-84.3598126,45.0478607
-87.1821709,37.7327263
-83.855749,45.3979228
-84.7524482,44.7863318
-86.8822445,36.848859
-87.4802068,39.4799343
-87.4703029,39.9639967
-87.4504888,40.2910811
-81.4498717,31.9092821
-86.6258353,36.2427836
-85.7461548,34.9425439
-86.0733498,43.5894707
-87.4405786,40.7888758
-87.2518824,41.5784291
-85.7256372,44.0542911
-86.438974,35.7972575
-69.9115745,45.203472
-87.5198011,38.605823
-84.3804888,33.4960213
-85.0545197,34.0873072
-86.8621827,36.5250666
-87.4405786,38.1410761
-82.9286428,32.4969921
-68.9167982,44.4646471
-87.5988876,38.9839218
-87.4405786,41.1118038
-87.2419299,37.3293272
-81.909826,31.9620717
-85.6332093,34.596698
-85.5817911,44.3329398
-69.4119063,44.9552304
-82.4969331,32.2014973
-83.9744262,33.0685419
-83.6791098,32.8519904
-84.7524482,33.6630087
-87.6679765,40.5401162
-68.4371183,44.1502517
-84.4537387,45.334226
-86.1955169,35.1333512
-87.8255007,39.827321
-69.0138359,44.8020579
-86.7718017,35.9046545
-86.1955169,43.8995916
-81.7130522,31.7005624
-86.4592091,35.3826611
-87.5988876,41.4362974
-85.2929384,44.8098669
-87.5593613,37.592232
-87.8746146,39.3220451
-87.8746146,40.146313
-81.4059186,31.5443011
-84.8628685,45.2028639
-84.375233,33.1545171
-87.8156715,38.4226484
-86.4794359,43.6793493
-69.5011151,45.2869534
-87.0824045,36.2926757
-87.564304,41.7597921
-68.5046827,44.4807146
-87.2817272,36.6863791
-83.6367685,45.9939894
-86.0733498,34.733095
-85.1271907,33.7229357
-87.7960067,38.0637169
-85.6640365,34.232406
-83.5603112,32.51964
-87.9530849,38.7399085
-82.9286428,32.136045
-87.9922684,39.0330223
-87.8746146,40.999711
-85.7153754,44.6298276
-86.1344697,44.2205682
-82.345189,31.8081037
-87.5593613,37.0364957
-84.7524482,33.2606063
-88.0705319,40.5170112
-87.1223362,35.989705
-84.0378894,32.6895998
-84.4551194,45.731352
-68.9054421,45.092482
-87.6926257,42.060011
-68.0963012,44.3801895
-68.5118207,44.7821294
-86.0019515,34.3658401
-87.913867,37.7691358
-85.3005429,45.1747675
-85.6113128,33.9244795
-88.2071598,39.514055
-82.0625052,31.5414792
-87.0224442,35.6603272
-69.8729516,45.843993
-87.4306663,36.3764404
-86.5602614,34.9682495
-83.4643551,32.232644
-84.8501527,45.5699594
-87.962884,41.6131315
-88.2509857,40.0552842
-87.6383797,36.7370632
-88.1876676,40.8029806
-86.8822445,35.3285192
-86.2056843,44.515578
-81.7568253,31.3405294
-84.1304316,46.0778266
-88.1925414,38.3816934
-85.737864,44.9766506
-88.1291387,41.3058508
-88.2947675,38.8604198
-84.5955732,32.8836025
-85.9406745,34.0530094
-82.7562895,31.7188576
-85.3652959,33.4752126
-69.0106224,45.4457832
-86.4794359,34.6129163
-87.8574308,42.3271524
-88.4500789,39.2168882
-88.4306955,40.3696838
-88.0754188,41.9283761
-88.0314174,37.2167044
-84.4172666,32.6169208
-88.148657,37.5176826
-81.4169093,31.056793
-88.4984991,39.7040471
-84.9609464,32.9999801
-87.8255007,42.638141
-88.3044908,37.9451028
-68.3606149,45.0836174
-83.9955879,32.2815846
-68.0194241,44.7811936
-85.7461548,33.656468
-86.2767995,34.1636556
-88.4210006,41.0890844
-87.5198011,35.8679136
-67.7164641,44.5447733
-83.2077645,31.7664035
-87.7960067,36.3512318
-87.0024407,35.0239623
-88.5130144,38.5543858
-83.570964,31.9439613
-87.3129109,35.4344543
-84.7552977,46.0316836
-88.6530753,40.1169909
-84.4599046,46.2572805
-87.8598861,42.9460825
-88.4210006,41.6103357
-88.2363819,42.2128686
-86.5905371,34.3170639
-86.8421125,34.6228095
-82.3560389,31.2298446
-84.8046446,32.6447857
-88.5855173,38.2131618
-86.1955169,33.8495908
-88.0705319,36.5722445
-88.6916315,40.728745
-81.8442934,30.9820909
-68.7101604,45.6573388
-88.2558525,36.9520975
-85.5462048,45.6844445
-85.7461548,33.3433112
-88.7590201,38.8453492
-88.8070886,39.4182191
-82.713132,31.3074991
-83.9638426,31.9745599
-88.2363819,42.5080131
-88.4403883,37.3297398
-68.3326305,45.4512875
-88.8359032,40.3948462
-88.8694951,39.7752231
-81.5514154,30.783719
-88.6916315,41.3336504
-67.597722,44.8316272
-84.2910759,32.1142853
-85.1686743,32.7381769
-87.9530849,36.0066924
-87.913867,43.3298149
-88.5758574,41.9306893
-85.4788065,32.9523202
-83.4856913,31.5765394
-88.7301525,37.908052
-88.6530753,37.6097145
-87.4405786,35.0779725
-87.7271123,43.7013054
-88.148657,36.2705053
-88.8551019,41.0438187
-83.2077645,31.4029068
-86.5905371,33.9613939
-87.202099,34.6757841
-84.7524482,32.3152593
-88.9222277,38.5010758
-88.2655845,42.9480628
-85.2784131,46.1501399
-87.8942451,35.5912275
-87.7369607,35.3255332
-67.6293499,45.1515652
-88.9509626,38.1747514
-87.0024407,34.2723105
-89.1134166,40.080432
-86.1344697,33.3335556
-89.1134166,39.1301967
-82.6915429,31.0100737
-89.1134166,40.6109847
-88.8838834,41.7353388
-87.5988876,44.2037901
-89.1134166,38.7544118
-88.6916315,37.0543151
-68.2924238,45.7996711
-88.5081765,36.5892978
-88.5371958,42.7178505
-67.8192992,45.426957
-86.4895463,33.6015246
-88.7301525,42.2883913
-84.1435136,31.7220046
-85.7300198,46.0149094
-81.8224362,30.5927334
-89.2277026,39.4631839
-89.0752499,41.2972317
-83.0576156,31.0987278
-68.6569031,46.1305689
-67.0894088,44.8036914
-81.4937993,30.4573359
-83.8897057,31.5282489
-85.8281458,32.896939
-88.8742918,37.3239536
-89.275227,39.763001
-87.5692461,34.7830467
-85.1686743,32.3318438
-84.6269824,31.9476252
-88.2655845,35.8373449
-89.2277026,40.8955008
-88.3821989,43.2987468
-89.3132061,40.3578605
-87.9922684,43.9451688
-89.0847949,37.7733667
-87.4802068,44.616552
-83.4856913,31.2123039
-85.5817911,32.5729402
-88.2655845,43.6052211
-89.0083726,42.0442224
-87.0424393,33.9619019
-67.2128858,45.1338285
-86.8320743,33.7001374
-89.3037147,38.4619026
-87.1401905,45.0856915
-88.5371958,36.1021887
-87.4405786,34.3709843
-88.6819958,43.0022103
-88.8455037,36.7548256
-85.2019472,46.6087783
-86.8869745,45.3792645
-88.2169027,35.4541238
-89.2847251,38.0186487
-86.5198651,33.2776365
-86.2462392,45.957739
-89.3037147,41.5391618
-85.7700582,46.3228189
-67.8731774,45.8746338
-89.189643,37.4867101
-88.9605365,42.6442233
-89.5308903,39.2158245
-81.3729372,30.163259
-88.1291387,35.1564908
-89.5591963,40.0727263
-89.0752499,37.0579107
-87.8746146,44.4739494
-83.8260884,31.1834568
-89.5403279,40.6845194
-89.5308903,38.7986861
-89.1515476,42.3316674
-68.2606555,46.2526652
-88.8838834,36.4528817
-82.9609096,30.7166035
-88.1553644,44.2111373
-86.8320743,33.4092779
-86.2970998,32.8891446
-89.6439924,39.5479657
-81.7458845,30.2102306
-85.1686743,31.9693453
-83.3468784,30.87419
-84.5955732,31.5713612
-89.5308903,41.259824
-85.9508923,32.5401692
-88.7926739,43.3472524
-82.3234843,30.3714823
-87.7960067,34.4222331
-88.5081765,43.867169
-89.4647644,37.7331887
-88.050979,34.7143539
-87.4802068,33.9716053
-87.1622344,33.6075398
-89.4931176,41.8192126
-89.6063278,38.2104365
-88.6144839,35.5797413
-89.6816208,38.5055837
-68.8603646,46.8339211
-89.7942892,40.3290973
-68.4573076,46.6137459
-89.7942892,39.008354
-88.9701082,36.1392688
-89.4174641,37.2315713
-87.5784493,45.2175106
-89.1134166,43.0743333
-89.7942892,40.9383086
-85.7256372,32.148066
-84.3121264,31.1830005
-89.2847251,36.7367083
-87.8942451,44.9433307
-89.9066314,39.8372962
-83.6880257,30.8226459
-88.3433623,34.9173663
-85.0025539,31.5992714
-86.8775907,45.9375476
-81.2849169,29.8362822
-82.713132,30.3479501
-86.8822445,33.1075575
-88.9222277,35.8449956
-89.5874819,42.1170008
-88.3044908,44.5188133
-88.6144839,35.2728634
-82.1060683,30.0833148
-86.6389015,46.1981624
-86.3984793,32.5989197
-86.3573049,46.4199058
-67.8846055,46.4184702
-89.4931176,42.5694504
-89.8130356,41.5610908
-87.3048527,45.7102405
-89.9580123,38.7315747
-84.7002041,31.2794375
-86.681253,32.7872186
-89.8317729,37.9571505
-90.0186555,40.6549873
-90.0559939,39.3828436
-89.9440061,41.2607625
-88.7590201,44.1178265
-89.3037147,36.3261184
-89.7567693,37.5318847
-82.5077593,30.1183392
-83.3789389,30.4980672
-87.5791287,33.638732
-89.0370477,43.7293666
-85.3756249,31.6588192
-87.3214908,33.3422925
-88.2266434,34.429206
-89.2277026,43.4233434
-89.5874819,36.9103926
-90.1307797,40.1656731
-87.913867,33.9796877
-86.2260131,32.265915
-84.0378894,30.7819709
-83.1220074,30.3012564
-81.734942,29.7618374
-89.5686271,42.8824665
-67.9899747,46.7026897
-88.3821989,44.8204127
-90.1682271,39.0501145
-90.0933686,38.4218479
-68.6124391,47.1516988
-88.5178518,34.6324369
-89.8317729,42.374041
-88.7686382,44.4115636
-89.0466016,35.4634881
-84.4172666,30.8904204
-89.6157473,36.5979778
-88.1119718,45.2463009
-81.2188355,29.5100354
-89.9813445,42.0979617
-90.2432307,40.9382359
-87.230582,46.1374501
-89.897282,37.2222469
-88.90306,35.0779198
-89.436391,36.0445248
-68.1376324,46.9762719
-90.3654204,39.8264687
-82.2583297,29.7935588
-85.0025539,31.1430653
-90.1963364,41.6109946
-85.7871663,31.6730282
-82.9286428,30.0382527
-87.75465,45.7680253
-90.3936722,40.4102092
-90.3230807,38.6682669
-87.0142118,46.4196661
-86.9624086,32.6137676
-90.4313729,39.4235147
-87.2817272,32.8918051
-90.2432307,38.041733
-86.6409554,32.288919
-88.3433623,34.0752962
-81.5925427,29.4881909
-89.6439924,43.3868219
-87.9530849,33.578339
-89.4931176,43.6939605
-87.6876969,33.2710751
-90.3889622,41.2551
-85.4994192,31.3440967
-89.2277026,44.1884051
-86.1548269,31.8211518
-88.8838834,34.7468892
-84.1118458,30.4758312
-82.669947,29.7940201
-88.8934728,44.7421782
-90.563609,40.1029399
-89.7567693,36.2411419
-88.1480669,45.604644
-89.9813445,36.7604012
-90.5446912,39.1322873
-81.0699462,29.240991
-90.3277829,41.9489414
-90.0933686,42.6880173
-83.6135572,30.1652944
-89.9813445,43.0000514
-88.6819958,34.2684438
-90.6204165,40.6939141
-89.3606298,35.2571148
-90.3371889,37.5103298
-90.1998515,37.046575
-90.3371889,42.2751923
-86.5905371,31.9813
-88.3044908,33.6731203
-90.5825359,38.3783386
-84.6609898,30.6113371
-88.7412172,45.1799747
-90.5718884,41.521107
-90.7342734,39.7114054
-84.9609464,30.7752318
-81.4498717,29.2139917
-82.3234843,29.4978741
-89.6816208,35.6747255
-89.3037147,44.5292417
-87.3956241,46.5477714
-90.0466559,43.3004773
-90.7342734,38.8809704
-89.2657266,34.8822792
-90.5446912,37.8287491
-85.3756249,30.9739427
-85.8690933,31.3108193
-90.7437761,41.026929
-87.9940961,46.0960304
-87.2817272,32.4401594
-89.7942892,43.8862381
-89.0561532,34.4605576
-87.7566513,32.8561072
-81.8879884,29.2413301
-88.148657,33.267534
-88.6460193,45.5549411
-90.9152051,40.2337433
-89.1515476,44.9782041
-83.4323375,29.7995322
-88.3925426,45.8546852
-90.2057108,36.4146125
-90.9247501,39.3377164
-80.9097127,28.9129513
-90.0933686,36.067559
-90.4879916,42.7456634
-90.7722974,41.8177403
-83.0576156,29.5844034
-84.3121264,30.174391
-90.8865834,38.5866932
-87.1023746,32.0961796
-86.3984793,31.5093425
-90.8008388,38.0921584
-89.7192132,35.280438
-90.5494198,37.1406723
-89.8130356,44.2098266
-85.7769164,31.0219901
-88.7301525,33.7676166
-81.3069315,28.9392593
-90.9247501,41.377456
-90.6962853,37.4447529
-91.0298918,40.7619537
-91.0777723,39.8734952
-88.5371958,33.4521847
-90.4879916,36.7378524
-90.0373201,35.6969927
-90.4691097,43.1543807
-90.2432307,43.6564641
-89.0370477,34.0381114
-89.5874819,44.7374007
-85.1271907,30.506162
-86.761749,31.655827
-84.7942091,30.3094319
-87.7160456,32.496853
-87.9423144,46.5363334
-91.1161166,39.0865882
-81.7130522,28.9533776
-89.4931176,34.6182219
-90.810357,42.4106499
-86.1548269,31.1367663
-82.2800546,29.1259294
-91.1809029,39.5554559
-89.1486398,45.4184035
-87.4802068,32.1723218
-85.56121,30.6823987
-91.1736994,41.1543025
-91.1736994,38.7728257
-91.0011902,42.0540378
-89.8411382,35.005666
-88.1779182,32.7839724
-90.2807868,43.9624054
-91.3083685,40.1174312
-91.3083685,40.4442571
-81.0644263,28.6459108
-88.5178518,33.1151313
-89.436391,34.2853188
-90.5825359,36.3267243
-87.1622344,31.7564537
-90.0186555,44.5313554
-90.4879916,36.044855
-91.2313618,38.3733396
-90.9247501,42.7234389
-90.6204165,43.5013111
-91.0873551,37.6655978
-82.713132,29.1039224
-91.2698475,41.5742291
-81.4114142,28.6626293
-90.9820668,37.2075291
-86.5602614,31.1939511
-89.1038783,33.6926462
-89.108231,45.7865521
-90.8579818,43.0454263
-80.6992633,28.470872
-88.4393927,46.4671546
-83.0361376,29.1905061
-82.0625052,28.8356269
-88.7773357,46.1643834
-90.2432307,35.3683242
-91.4241426,40.9297299
-91.4821482,39.3527187
-85.4994192,30.3815472
-88.1086978,46.8290826
-89.9066314,34.7077309
-91.3083685,38.0770477
-84.6688348,29.8897474
-89.736281,45.1865855
-89.9813445,44.9066488
-91.0203224,36.906743
-91.5789994,39.7854554
-91.2698475,42.3277889
-91.4821482,38.6016779
-85.9508923,30.5802437
-88.2266434,32.4569381
-86.438974,30.9158552
-87.5593613,31.8101905
-90.5920027,35.7501567
-87.8942451,32.1117551
-91.5596117,38.9355545
-89.445851,33.8510525
-89.0370477,33.3224523
-91.5596117,41.3104724
-91.4241426,42.0495849
-91.685788,40.2046701
-81.7130522,28.5366442
-82.4536115,28.7654134
-91.0203224,43.3635435
-91.6955092,40.5206677
-90.3183792,35.0604246
-89.7334991,45.4871774
-87.0824045,31.2982897
-90.8675134,36.1296855
-89.9440061,34.3976229
-88.6723578,32.7563034
-91.0777723,36.5397311
-90.8124215,43.945742
-81.3619402,28.3756472
-85.1479364,29.9312722
-80.593833,28.179854
-91.3372823,42.7682162
-91.6178011,38.3265347
-89.3164808,46.0733619
-91.627507,41.7591129
-88.9673213,46.4346578
-89.5950512,45.8082781
-91.7830973,39.1719845
-91.3855161,37.1820944
-91.8123324,40.8434496
-90.5825359,35.2793661
-88.6689004,46.7788348
-91.851343,39.4924543
-89.8692203,34.086344
-90.4691097,44.7559363
-91.0873551,43.6611607
-89.4553088,33.5044098
-87.5000082,31.4670212
-85.5920787,30.073727
-91.3469247,43.1086626
-90.7913227,44.2830622
-88.339342,47.1437077
-90.3560076,34.7072488
-81.0312989,28.1455127
-91.5789994,37.4362916
-90.9629523,35.8023384
-87.9922684,31.8177224
-91.9685826,39.9029582
-91.6178011,42.5199667
-89.1134166,32.9631702
-82.2800546,28.4772925
-91.714958,37.8387943
-91.8903882,38.7006493
-88.6458421,32.4196623
-86.3984793,30.5013778
-92.0175242,40.3627582
-91.4821482,36.9018995
-91.9685826,41.2038261
-89.8130356,33.7516314
-91.8123324,42.0837032
-91.2698475,36.278062
-91.9392435,41.5749038
-86.761749,30.6947901
-90.9247501,35.4965717
-90.4152179,45.1861367
-82.6375402,28.5087429
-87.2419299,31.027102
-90.8675134,44.5845604
-88.3433623,31.9593038
-91.949021,38.1738674
-91.2313618,43.994255
-91.4821482,36.5570174
-81.9752995,28.2274477
-80.5660657,27.858918
-92.1646722,40.6753556
-90.3371889,34.2861473
-89.8838748,46.0181292
-91.7733566,42.8306065
-91.5402327,43.4541427
-90.7913227,34.9921836
-89.4049437,46.5532424
-90.3244837,45.5436057
-81.5815776,28.064362
-88.9988098,32.510679
-87.9824758,31.4869139
-92.2039933,39.0711591
-91.3469247,35.9730255
-87.7566513,31.266033
-91.8220818,37.2083343
-89.5874819,33.1232253
-92.2827384,40.1433283
-92.2630393,39.5058827
-91.2313618,44.298114
-89.8692203,33.4607058
-92.0077316,42.3566462
-91.7733566,43.1416437
-90.6962853,34.6172922
-91.9979411,37.6324568
-92.2925911,40.9864321
-88.7734464,32.1403046
-91.5596117,43.8184931
-92.2433487,38.5686223
-92.1941598,41.9285157
-90.9438468,44.9587957
-90.3324856,33.9578313
-82.3343375,28.1434318
-89.4742177,32.8073509
-87.1821709,30.6356025
-92.3616203,41.3169167
-91.1736994,35.2531296
-80.3769999,27.6018976
-92.3320235,41.6474303
-90.4054861,45.8462439
-88.362785,31.5722275
-91.8708613,36.7242055
-87.5000082,30.8258811
-91.7246856,36.3265832
-82.6807458,28.185653
-81.2188355,27.7510147
-89.881995,46.477708
-92.2827384,37.977575
-91.4724751,35.6115255
-92.5197932,39.2727022
-92.5594214,40.4234027
-92.5594214,39.8092071
-92.2039933,42.7060255
-91.9294681,43.5252409
-91.6566377,44.1410678
-82.116955,27.9216909
-90.9550117,45.3329664
-92.5296971,38.8873077
-90.3560076,33.6394461
-92.2138289,37.3727676
-92.3912362,42.2804034
-89.2657266,32.2859479
-88.0314174,31.0873351
-91.5015009,44.5968205
-87.1173466,30.3407373
-80.8986502,27.5325072
-89.9066314,32.9662671
-91.1929114,34.8345178
-89.5120084,32.4910672
-90.2057108,33.3259976
-92.6785092,40.826647
-81.734942,27.7246838
-91.8025852,35.9779546
-88.7493998,31.6678378
-92.6785092,41.1493419
-90.8008388,34.1172112
-92.5990835,41.9101735
-91.9685826,43.9077004
-92.5990835,38.3089601
-82.5023464,27.890814
-92.341887,43.0344596
-90.4514828,46.3040311
-90.853721,45.8247944
-87.4405786,30.4338247
-80.2878794,27.2932971
-92.8377656,40.2129037
-91.4821482,44.9530966
-92.2827384,36.9107649
-88.3821989,31.1838252
-92.1253854,36.4392346
-90.6962853,33.7721644
-81.3949264,27.5059582
-89.2277026,31.9677239
-87.7566513,30.6237391
-92.7879401,41.5575138
-91.6566377,35.3133777
-82.8398285,27.9233312
-91.1448981,34.3812077
-92.8377656,39.0575061
-92.6685736,38.0223952
-92.797901,38.6406162
-92.9175955,39.677195
-92.6288523,42.5894935
-91.5402327,34.9629855
-88.055868,30.7722088
-92.027319,44.2678623
-92.5990835,37.4183326
-92.9975593,40.6162191
-91.495752,45.2520942
-90.5730713,33.3585203
-92.797901,42.2219563
-89.9626799,32.5825142
-92.9975593,39.3858331
-92.3616203,43.6707639
-91.2222111,45.688755
-91.944132,35.5775275
-91.949021,44.5712677
-82.2800546,27.5929931
-92.4208713,36.6280715
-90.9037096,46.1673406
-93.0576199,40.9586489
-88.90306,31.3952297
-89.7942892,32.2879058
-92.5594214,43.3973939
-92.2630393,36.1115261
-90.4691097,33.0555134
-92.9875565,41.9304969
-93.1578875,39.9588964
-92.9975593,38.3836964
-89.2086773,31.5802262
-87.7517295,30.3070273
-91.2313618,34.0357271
-93.1378173,41.2783751
-92.8178291,42.8681925
-91.949021,44.8713797
-80.109357,26.9780083
-91.5596117,34.5429228
-92.7381672,37.1372272
-80.9428911,27.1159448
-91.8903882,35.0901983
-92.4011124,44.0898902
-89.5686271,31.8783023
-92.9275836,37.7194382
-90.8354725,46.5517439
-93.2181477,39.0684813
-91.2958423,46.010865
-88.148657,30.4917972
-82.6375402,27.5073732
-88.8070886,31.0509542
-93.318747,40.2818388
-91.9039954,45.1897991
-92.3221622,35.7838471
-93.238251,41.575683
-92.8776638,43.1580116
-93.0576199,42.5495017
-92.5643773,36.3169936
-88.556531,30.7959493
-93.2181477,38.6508007
-90.3183792,32.5594981
-80.5993854,26.9183806
-91.748972,45.5495929
-91.0777723,33.5009356
-93.3792057,40.7880788
-91.8903882,34.7815569
-93.3792057,39.6440981
-93.1980527,42.2509493
-93.1578875,37.9574069
-81.8224362,27.170058
-81.3839326,27.0503757
-92.4011124,44.581497
-90.1846217,32.2907734
-92.797901,36.6414165
-92.7879401,43.8047583
-89.9813445,32.0155477
-91.3097606,46.3166172
-92.3616203,35.477087
-90.7082269,32.8211767
-93.3993751,41.8496464
-93.1177555,37.4058353
-92.9675572,43.5319126
-91.4241426,33.7659403
-80.0367259,26.6872579
-82.366887,27.2241581
-89.2847251,31.2148677
-90.92587,46.8603131
-92.6785092,44.3112683
-89.7300434,47.980899
-91.7733566,34.2516167
-92.3616203,44.957003
-93.3792057,38.2259245
-93.0776568,37.0217359
-93.6217802,40.0478765
-92.6785092,35.9072387
-91.0442502,33.0801752
-93.5913939,39.2135346
-89.5874819,31.3992391
-93.561026,38.7873793
-93.6217802,41.3443814
-92.2531929,34.918834
-93.3590446,42.7951735
-89.8879304,31.6738881
-92.1974529,45.409905
-88.5468645,30.4161933
-91.9093921,45.8690555
-93.3993751,37.6536889
-92.4529976,35.1653807
-82.09518,26.98699
-93.6724649,41.632449
-81.734942,26.8844636
-93.5205641,42.4774362
-93.2784825,43.340526
-93.7638256,40.4719641
-90.5825359,32.3320875
-93.595529,42.1871555
-91.7864791,46.1569849
-89.0752499,30.7776864
-93.0375914,44.0367562
-91.4821482,33.4743692
-93.7638256,39.5704071
-91.3488452,46.7205844
-93.1629063,36.7023749
-93.7841503,41.0177836
-93.642048,38.4495929
-92.7580701,44.761177
-90.3560076,31.969565
-93.238251,43.7642375
-93.3892894,37.1953893
-92.2039933,34.4665706
-91.8708613,33.9162518
-92.797901,35.5990655
-93.0576199,36.1807833
-81.0754657,26.6105319
-80.7103532,26.5286606
-91.7045787,46.4843489
-93.642048,37.9011091
-88.9605365,30.5007553
-80.1596041,26.4039904
-93.9470396,39.8731968
-90.9247501,32.4659886
-91.2506002,32.8473553
-92.7779496,45.0690103
-90.6411831,47.7422459
-92.3854473,45.7462286
-93.642048,43.0975464
-92.5098914,34.7151821
-93.9266502,41.8725525
-93.9470396,38.9628463
-93.1378173,44.4695372
-81.5486728,26.6043911
-89.9440061,31.2855128
-92.652429,45.4018684
-91.5402327,33.136921
-94.028678,41.3308893
-93.7841503,42.7624458
-94.0899911,40.7044153
-82.0625052,26.6925892
-93.561026,36.9224038
-92.8776638,35.2466824
-93.7029002,37.3676715
-89.5874819,30.8492406
-94.0899911,39.3526564
-93.3792057,36.3455269
-93.6724649,43.4730419
-94.1718542,40.2542957
-92.3221622,34.1535723
-94.0184661,42.1561999
-91.949021,33.5575278
-90.7152749,31.9453064
-93.4069408,44.2375017
-93.2734517,35.9415231
-94.19234,41.0036917
-94.0082563,38.2693974
-94.0082563,42.4614546
-91.3567206,47.3235018
-93.1528692,44.8492361
-92.2112256,46.3795573
-90.2901815,31.3881404
-94.2025859,41.6143311
-93.6015207,36.6199053
-93.1378173,35.4813598
-93.7029002,43.7692821
-92.9175955,34.9378121
-80.1261093,26.0977657
-94.028678,37.782571
-94.3256918,39.6230969
-92.6685736,34.4241016
-94.19234,38.5361925
-94.356513,39.9406627
-92.0681618,46.7534028
-89.3701078,30.3766274
-94.3051542,39.1063108
-81.3839326,26.3017834
-93.0886456,45.3422963
-91.5111806,32.6073927
-90.6393702,31.5810726
-81.7458845,26.3582748
-93.5407909,44.5331117
-94.0491077,43.2386807
-94.4182089,41.2965939
-94.2000242,42.7211548
-92.7547064,45.9850848
-92.9521365,45.6951168
-93.4397386,35.6698907
-93.9776389,37.0915214
-94.5005808,40.6486593
-89.6816208,30.5044923
-91.2506002,32.1230371
-93.7638256,36.3557077
-93.8349976,44.1363006
-93.3742564,45.1231389
-80.4326521,25.9839048
-92.027319,33.1074892
-92.0129793,47.0796052
-94.4593791,41.8531414
-92.9975593,34.6268402
-90.1120696,30.8498462
-94.4182089,42.2892745
-91.8708613,32.8396546
-94.4593791,38.7984122
-93.642048,35.9255005
-91.5408735,47.6351998
-94.5418141,39.3773395
-92.4801989,33.7046265
-81.0754657,26.0485819
-92.5016469,46.6239531
-93.9776389,36.6618618
-94.6657027,40.3577643
-94.2743628,37.5189552
-93.4801349,35.3625061
-92.3616203,33.3935509
-94.4182089,38.0860385
-91.0203224,31.6698772
-93.6673942,44.8619394
-94.19234,43.5992347
-90.5068824,31.1013025
-93.2986106,34.8619789
-80.1484407,25.783312
-94.4182089,43.0702648
-92.890304,46.306851
-92.4216808,46.9161205
-94.7381013,39.7305994
-94.7691586,40.9813114
-94.4490836,37.7780874
-94.6967189,39.0704366
-91.685788,32.3108833
-92.8178291,33.8983023
-81.7458845,26.0533532
-94.5934,42.6450672
-90.0933686,30.5509025
-94.7070616,42.0807257
-94.2128337,43.9995471
-92.0208114,47.4901511
-94.7898731,41.6809756
-94.8624355,40.0537279
-89.8224054,30.2396138
-93.4459201,45.6813215
-94.3359635,37.0254308
-94.0082563,44.6492276
-93.1578875,34.3126907
-94.0491077,36.1731365
-94.8728093,41.3583522
-93.8248241,35.5927966
-94.5005808,43.4146453
-91.5789994,32.0057683
-92.027319,32.5662435
-80.610489,25.7143625
-93.334349,45.9696789
-90.4313729,30.7342817
-94.2128337,44.3406869
-94.7484518,38.3260117
-94.9143239,39.4449433
-93.8187961,45.1981805
-94.8313257,38.741877
-90.9629523,31.2361556
-94.9974461,40.5471625
-92.8178291,33.5408717
-94.5830789,37.358255
-94.3051542,36.4779621
-94.8728093,42.4280179
-93.7841503,35.1998706
-93.6521849,34.9070054
-94.0632796,44.955885
-92.975735,46.728614
-92.3616203,32.7637198
-92.4813722,47.3634586
-95.0390536,41.9084705
-93.3700927,46.2745609
-91.9478112,47.9845609
-95.1223608,39.7657103
-94.8728093,37.9836233
-94.2128337,35.9068836
-95.0806918,39.1063191
-94.883185,43.0029315
-95.1640605,41.1452811
-92.7826103,47.14151
-80.3547286,25.4748623
-94.6657027,43.8295846
-94.8209596,37.6149154
-94.5830789,36.8015396
-89.8738987,29.9219512
-93.6015207,34.5220817
-93.1353091,33.7093435
-90.4125181,30.389017
-91.637215,31.6634836
-93.3590446,34.0406991
-94.7122337,37.0807333
-95.2475518,40.169783
-92.027319,32.1130294
-92.688447,32.9487629
-93.9079663,45.7043888
-95.0911062,38.4481973
-90.9438468,30.8464719
-95.2893433,40.8578691
-94.4593791,36.1585967
-90.1916501,30.0490514
-94.6863782,44.2655802
-94.2128337,35.4706032
-95.3311652,41.4579402
-95.1849219,42.6296202
-92.3616203,32.3567458
-95.3311652,39.4266101
-95.2475518,42.3329915
-95.2475518,38.765734
-94.5418141,44.7417352
-89.1705998,29.136511
-91.9685826,31.8183312
-93.1797978,47.0337414
-90.810357,30.5484273
-94.3124357,45.3121264
-95.018246,43.566011
-91.443469,31.162986
-93.1980527,33.4197111
-92.7220318,47.6330013
-89.5261707,29.3532344
-80.610489,25.291986
-95.4253757,41.7818767
-93.6524885,46.4966186
-95.0390536,37.3823853
-93.8418909,46.2309458
-94.1104449,34.925451
-92.1857158,48.258461
-93.7638256,34.2512489
-95.5407299,40.441216
-95.5197394,39.8911985
-94.7691586,36.384765
-95.2057909,37.8001252
-95.2057909,43.3077243
-95.4463322,39.0378871
-93.5200009,46.8100596
-95.3311652,38.1747458
-92.7133005,32.5251007
-94.6037231,35.7837413
-95.3730176,42.9130827
-93.1378173,33.0845753
-94.8728093,44.5405444
-95.624767,41.1237266
-90.1588618,29.7077584
-90.5730713,30.076835
-95.0286488,36.7943164
-91.7733566,31.2733451
-95.5827334,42.0809784
-94.3752323,45.7254165
-91.4048249,30.8423123
-95.1849219,43.9405985
-94.4182089,35.156509
-95.5407299,38.5849902
-95.7194522,40.1576591
-93.1690879,47.5231668
-95.7510475,40.8357923
-92.3616203,31.8572013
-93.7739869,33.8616714
-91.1833043,30.5340755
-95.7089241,39.4500064
-94.6037231,35.4344908
-94.8002274,45.0862319
-94.19234,34.5696431
-92.6785092,32.214445
-95.2371087,37.0427039
-93.0275802,32.6478875
-90.9247501,30.224947
-80.5105028,25.0154628
-95.6668306,42.4699286
-95.7932008,41.634827
-94.2927729,46.1670274
-93.0279897,47.8424353
-94.9350929,36.031526
-95.435853,43.7000954
-92.1057549,31.38269
-95.2684437,44.2402421
-94.110283,46.5389584
-95.4253757,37.3546641
-92.8359241,48.1248993
-95.5827334,37.9098504
-95.0806918,44.8312336
-93.6217802,33.3408784
-95.6142558,43.2980513
-93.679623,47.2139041
-94.1718542,34.2380835
-95.8248352,38.9780349
-89.9872921,29.2366128
-90.5210565,29.6778685
-95.942292,39.8716136
-95.2371087,36.5270703
-95.9647536,41.2644695
-95.7932008,42.7759565
-91.851343,30.95149
-96.0044121,40.499264
-95.7510475,38.1970642
-93.4902391,32.9965312
-95.624767,37.6112504
-94.5830789,34.8425209
-94.8285218,45.6313277
-94.9974461,35.7027009
-95.9515399,42.2298542
-95.3311652,44.5952005
-94.7898731,35.1863064
-93.9266502,33.57788
-91.6663523,30.6438736
-92.4554698,31.5192487
-96.0467429,41.8598626
-93.6369658,47.5683184
-96.1314928,40.9773339
-93.1679257,32.3504676
-96.0785104,39.3383265
-91.0203224,29.9238665
-95.1792584,45.2009625
-94.5005808,34.4038227
-95.9198387,43.0799373
-95.624767,37.0570857
-92.7580701,31.7581967
-96.1739116,41.5354216
-95.3431607,36.1857547
-92.1744993,31.0496661
-96.0044121,38.5202735
-90.4879916,29.3706026
-91.4821482,30.2890693
-94.2948884,33.9226418
-94.8680684,45.991026
-94.2212608,47.0001449
-95.7932008,43.8923628
-93.4700327,32.591314
-94.654319,46.4025074
-96.2588369,40.2011407
-95.6037465,36.6934304
-93.5684148,47.9061042
-96.2588369,39.6689326
-95.4674234,44.9253572
-95.940971,43.5984461
-95.1015225,35.3270024
-95.7510475,44.2358765
-81.0644263,24.7204659
-96.0044121,37.9313724
-93.1774283,48.3949959
-96.2163597,42.4805882
-94.9350929,34.8948371
-93.9470396,33.1515268
-96.3864428,40.6812396
-96.195132,42.8132707
-93.0776568,31.8874509
-91.0011902,29.6229758
-96.2800864,38.9440352
-96.3438785,42.1202708
-96.429036,41.2419803
-93.8146526,32.8294882
-95.3150826,45.5907969
-95.940971,37.2766304
-94.8520636,34.5452677
-96.0467429,37.6328421
-92.5594214,31.1686152
-92.797901,31.4380493
-92.1253854,30.6717027
-94.2948884,33.5209715
-95.435853,35.7490769
-81.4937993,24.6865905
-94.2348343,47.3906134
-93.973985,47.7543386
-96.5143087,40.9563346
-96.2588369,38.2552288
-91.9294681,30.3985322
-96.4396888,39.2568638
-96.2588369,43.2934889
-93.5205641,32.2392184
-95.5992238,45.2751519
-96.5143087,41.8342887
-95.9304039,44.4999449
-95.9621106,36.9121562
-96.5676625,39.9696837
-94.7691586,34.1053695
-95.7510475,36.1902565
-94.7051969,46.9813033
-96.4503434,38.6847195
-94.6037231,33.7555391
-91.5353893,29.8668489
-95.1628544,46.3037542
-96.6317461,41.4999658
-96.1739116,44.1002788
-93.7892328,32.440875
-95.940971,44.8084035
-96.3438785,43.5959323
-96.642433,39.6476232
-96.6958939,40.3902467
-95.0424814,46.6176106
-96.5996963,42.3808361
-96.365157,37.8490294
-93.9588348,48.1315384
-94.3770704,33.2045275
-95.5827334,35.4588476
-81.8879884,24.5669442
-95.4568133,35.1581498
-95.4851118,45.9726385
-95.3102505,34.835035
-93.3993751,31.7882887
-93.1378173,31.4530396
-96.3013432,37.3219375
-91.851343,29.9842255
-96.0255738,36.4144274
-95.7251476,45.6373248
-92.6586401,30.8227363
-96.84046,40.79146
-96.6851982,42.7273459
-94.1309067,32.6729575
-92.4011124,30.4828734
-96.7815237,39.0924703
-95.1327829,34.2128093
-94.454215,47.7960299
-93.7029002,31.9844651
-96.0264352,45.2534071
-96.8565427,39.3880252
-93.9375797,48.4715339
-96.3226072,36.8720984
-96.9423844,40.1213868
-95.1298638,46.9825571
-96.7279918,38.3971565
-96.6851982,43.4231452
-96.0097018,35.944592
-96.974604,41.2801901
-96.3864428,44.503521
-96.9423844,42.0067679
-96.7922355,43.0894534
-95.5423025,46.4400055
-96.5996963,37.5607873
-96.6317461,43.9133233
-94.8728093,33.4996425
-93.1679257,31.1208007
-95.9605131,35.6234829
-95.4044268,34.4226351
-97.1036396,40.4064832
-97.0713572,39.8274718
-94.1104449,32.244124
-94.7484518,33.1909485
-96.9531225,38.8122457
-95.8353837,35.1843701
-94.9187569,47.5796497
-94.5830789,32.8825848
-95.6405374,34.715567
-97.1359377,41.6585922
-96.418385,36.5770727
-96.4154128,44.9507831
-95.1640605,33.8002807
-96.7922355,37.8251682
-93.682608,31.5982488
-97.0713572,42.4700962
-96.176537,45.5474645
-96.333242,36.2581918
-96.6851982,44.2605352
-97.2005806,40.9958523
-94.5164647,48.1906457
-95.9291784,46.1513931
-95.6022096,46.7465527
-93.0075642,30.6888268
-93.4801349,31.2386111
-92.4801989,30.1125249
-94.0491077,31.9057786
-96.7065914,37.0650226
-92.2630393,29.8159414
-94.5418141,32.5233903
-97.286868,42.1429146
-97.1898025,42.8812691
-97.0498442,38.1473117
-97.276076,39.475901
-97.1359377,43.3766746
-97.0713572,43.6678822
-96.365157,35.7905427
-96.2584633,45.9233458
-96.5426971,45.3191711
-97.4165053,40.6600092
-97.2005806,38.5782772
-92.8178291,30.2672346
-95.5883193,47.1367653
-96.9531225,37.4449537
-95.509247,33.930038
-94.5273953,48.5500621
-96.0373068,46.45352
-96.2800864,35.4464543
-94.9558696,32.9583569
-96.7708138,36.6972673
-96.8994495,44.5861845
-95.3416255,33.5138786
-97.4597725,39.8031161
-95.4865446,47.4357921
-94.3770704,32.0311703
-97.1359377,43.9873257
-97.4165053,39.1469886
-97.4597725,42.4063289
-96.8191288,45.0022437
-96.5996963,36.0166093
-96.7279918,36.3553672
-97.5463885,40.3276638
-96.1102943,34.8415371
-97.1682514,37.7500219
-95.2057909,33.172705
-97.5897372,41.2112433
-94.1104449,31.5168633
-97.633113,41.5273037
-93.7841503,31.0699055
-97.5463885,42.7515343
-97.5030669,43.0642992
-96.365157,35.0919663
-93.2181477,30.3502213
-93.4599326,30.6201658
-95.9621106,34.2529159
-95.4704504,47.8313026
-96.6816965,45.8230451
-97.654811,39.5235794
-96.1273015,46.8750969
-97.2005806,37.2280324
-94.9558696,32.5077992
-94.7691586,32.2210489
-97.4489531,38.1331638
-97.7416703,41.935838
-96.5204806,46.2920705
-97.5897372,38.6788455
-95.7194522,33.6532617
-97.8068851,40.795495
-97.7742702,40.0582655
-96.2163597,34.5497732
-97.1359377,36.6973961
-93.0576199,29.9849501
-92.8178291,29.7127541
-97.5463885,43.8659926
-96.7601057,35.5840628
-97.4165053,44.3660214
-97.633113,43.5552641
-95.9695762,47.4313207
-96.642433,35.2741387
-97.108651,45.2853011
-95.2475518,32.6764252
-96.0255738,33.9614494
-97.5463885,37.8003495
-97.9374948,40.3825672
-94.5211935,31.5941955
-95.6037465,33.1778784
-97.8939317,42.4553619
-97.0713572,36.1628206
-97.5030669,37.5068018
-94.9944989,48.8122926
-97.3780154,44.7804796
-96.974604,35.876155
-98.0028892,41.2031926
-97.8503951,38.9942288
-95.4298123,48.3508038
-97.9810845,39.8093023
-97.9374948,42.8414592
-96.5990612,46.7321982
-93.642048,30.362172
-97.8068851,38.2463541
-97.9157099,43.2483946
-97.1,45.85
-95.959367,47.8267728
-97.7199454,44.1574261
-96.9587332,46.1796711
-97.4597725,36.8703754
-93.9674371,30.6746404
-94.356513,31.1434138
-98.0465185,39.4559255
-95.1015225,32.1175145
-94.8728093,31.786067
-96.533526,47.0476266
-98.1557066,41.8873728
-98.1775638,41.5096531
-96.375799,34.1545886
-96.7065914,34.8101393
-98.1994276,40.8888384
-95.3207069,32.368714
-93.3993751,29.9535067
-97.508126,45.1090697
-95.624767,32.7951914
-98.1775638,42.2201792
-97.6656625,37.2307458
-97.3699489,45.6093831
-97.0713572,35.4245273
-98.0028892,43.7016744
-96.5996963,34.3972021
-96.0467429,33.3586226
-96.2588369,33.7051475
-97.0064486,46.5141206
-97.4489531,36.258658
-98.1229329,38.6742068
-98.3307468,40.1111331
-97.0283383,35.1210597
-98.3745717,40.5943468
-95.9198387,33.0062939
-94.8728093,31.467389
-97.9374948,37.6054742
-97.394882,35.9052051
-96.5109834,47.559452
-98.265058,43.0695548
-97.9157099,44.6136957
-94.3051542,30.6983596
-97.6765157,36.5993481
-95.5576678,48.8874217
-98.4622987,41.2301535
-96.1857655,48.1129336
-95.7948297,48.6338648
-96.9457624,46.974503
-98.4184224,39.8192152
-98.1994276,38.3870724
-98.4184224,42.4569649
-95.6668306,32.4327084
-98.1120116,37.9313884
-93.8451731,30.0798014
-98.3745717,39.2472527
-97.9062317,44.9320066
-96.5676625,33.8782022
-94.19234,30.4147787
-97.4973865,46.0975329
-97.4110988,35.5729869
-95.2684437,31.7476241
-97.7841177,45.4680059
-96.9638624,34.5314974
-97.9157099,36.9049895
-94.7691586,31.0373536
-98.265058,44.0624988
-98.6160674,40.8382803
-97.6795646,45.8365276
-95.5407299,32.0311259
-98.090174,37.3194073
-98.4403573,43.4409652
-98.6380598,41.7730182
-96.0255738,32.7090798
-96.3864428,33.2969126
-97.4056928,35.2407401
-98.4403573,43.7462465
-97.2005806,34.7599248
-98.0498009,45.2038337
-97.0499862,47.3502216
-97.8503951,36.2005883
-96.6575296,47.9869641
-98.6820636,39.5949539
-98.770147,40.5648859
-96.3013432,32.9427558
-98.8142264,41.4425928
-98.704075,42.8823716
-98.352656,37.6402065
-94.1820961,30.0580153
-98.352656,44.5824723
-96.6745042,33.5162652
-98.7921836,40.0972488
-98.0247005,36.4904602
-98.6380598,38.8139458
-98.8142264,42.192455
-97.3838403,46.9836513
-97.6612843,46.4526953
-98.8583309,41.1203842
-95.1015225,31.1161398
-96.0467429,32.4150706
-97.7634019,35.6866598
-94.7691586,30.670725
-96.2297999,48.752125
-93.9674371,29.7065582
-94.5418141,30.3341055
-97.1359377,34.1681163
-96.5304419,48.4738987
-98.2978951,36.9536062
-96.9423844,33.7576417
-98.8142264,39.1734247
-97.1089723,47.6820069
-98.6380598,38.187975
-97.7634019,35.3819836
-98.704075,44.0297714
-97.3624598,34.4750379
-98.9687011,42.4735579
-98.4500606,45.024261
-98.1983391,45.724048
-96.0044121,32.1006393
-97.5680595,34.8474379
-97.7438649,46.7575044
-98.7921836,38.531905
-99.0792263,41.6597889
-98.704075,44.3312583
-96.6958939,33.1128019
-99.1013498,41.9539516
-98.1247414,46.1121515
-98.1120116,35.9670757
-99.0571089,39.8322263
-95.5197394,31.2816037
-96.4396888,32.6097434
-98.9687011,43.400581
-97.4636258,47.4815675
-99.1677572,40.8558067
-98.7260927,37.7608931
-97.0132456,48.2150648
-94.5418141,30.0115218
-98.6160674,37.2821842
-99.0792263,39.4413178
-98.091216,46.4036589
-98.9687011,43.7818613
-95.2057909,30.7686614
-98.4928586,45.4742195
-99.0349977,38.9082636
-98.4184224,36.5062212
-98.3197946,36.2227197
-99.2120593,40.3282448
-99.1456153,42.9251062
-97.0713572,33.4830984
-97.330053,33.9129086
-95.8564864,31.5401074
-97.7623534,47.2156333
-98.1557066,35.6172323
-96.3864428,32.262862
-96.7440467,32.824251
-98.9907938,38.2870375
-99.3229213,41.1833634
-97.9374948,35.0648849
-97.3775621,47.9453719
-96.1102943,31.8009282
-96.7487977,48.8844406
-98.8767108,44.8604252
-94.387352,29.5661089
-99.1677572,38.5654945
-98.2069839,46.7251218
-99.1456153,44.0706687
-98.7481167,36.8891804
-97.7199454,34.3316322
-97.0821162,33.1362221
-95.1849219,30.3792489
-97.9157099,34.649554
-98.9466146,37.4060638
-99.5006143,41.6453361
-98.581588,46.078636
-98.9240461,45.1574615
-98.4403573,35.8361638
-96.7708138,32.5135255
-99.1234795,37.9412263
-99.5006143,42.35249
-94.9350929,30.0204656
-97.1748987,48.6164354
-95.7510475,31.0202925
-98.2431747,35.2192722
-99.4117197,43.4412863
-99.5228528,39.9782003
-98.2042162,47.0866428
-99.5896043,40.6002477
-99.2342196,44.4394594
-95.5407299,30.6631264
-98.0296398,47.4432107
-97.4425299,33.4707577
-99.4228263,43.8305138
-99.6564092,40.9759886
-97.1036396,32.821201
-98.6820636,36.0567173
-99.0005361,45.4731325
-96.2163597,31.4548784
-99.6564092,40.2513261
-99.5673479,39.3609097
-97.8286368,34.0373255
-98.8803925,36.4940839
-96.5996963,31.9352126
-98.5062007,35.46251
-99.389511,38.255669
-97.8670843,47.989968
-97.1974909,48.9483571
-97.6641306,48.323572
-98.7310954,46.4144393
-96.8458204,32.2275233
-99.5896043,38.9673163
-94.9870491,29.7299827
-99.3229213,37.5672746
-98.1180715,47.7536275
-99.7678687,42.8734216
-96.1102943,31.0723495
-97.4597725,33.1029838
-99.8571416,42.0091066
-99.2342196,37.1504369
-95.3730176,30.1185635
-98.3307468,34.7316806
-99.7678687,43.1814494
-97.1036396,32.438858
-98.1120116,34.2179376
-95.940971,30.7142277
-99.4556012,45.0202688
-99.9688636,41.2683584
-98.4748525,47.3913115
-99.1770906,45.878638
-99.8571416,39.6031932
-97.701405,48.6428046
-99.5228528,37.8253221
-99.2342196,36.8095655
-98.6160674,35.1277481
-99.745565,38.6018115
-99.1182248,46.2101732
-94.9247074,29.3852763
-97.3840729,32.6477436
-100.0359661,40.6425813
-96.5569882,31.3923897
-95.7510475,30.3326288
-98.8372781,46.9120821
-96.7601057,31.6659929
-98.9466146,35.73446
-95.3259358,29.8034134
-99.3958777,45.6123445
-100.0359661,42.6178602
-99.8571416,43.935617
-99.9241575,43.5693547
-97.9157099,33.4988372
-99.1456153,36.2160995
-99.7678687,44.3948122
-98.3048711,48.0588005
-98.1044091,48.3936397
-99.1169534,46.5781333
-100.1255164,40.0690782
-96.4503434,31.0558083
-97.1359377,32.0193817
-97.8503951,33.1683909
-100.2151578,41.8203759
-96.2800864,30.7898688
-100.2151578,42.2125798
-98.5501283,34.4526698
-98.2212979,33.7900416
-100.2151578,40.3850238
-97.7090854,32.8526488
-98.9797467,35.3737195
-100.1703257,43.1077534
-99.4117197,36.4531926
-100.1255164,39.3339583
-99.9465077,38.3557294
-95.6563119,29.9108312
-97.9448548,48.8890205
-100.1031202,38.9857394
-99.9203793,44.7553187
-99.5896043,36.8666521
-99.7901781,37.5503815
-98.7846626,47.6051497
-99.8016103,45.2173113
-97.4056928,32.2185277
-99.0286347,47.2109174
-95.3625516,29.4841585
-100.1255164,38.6732168
-100.417181,41.0291956
-98.5089455,33.9726788
-100.3273368,39.6643018
-96.8136642,31.1968049
-99.3099839,46.8744183
-99.8124935,37.1462282
-99.8378221,45.593974
-98.9687011,34.8396897
-97.1197867,31.5726497
-100.3048897,43.820189
-99.6041695,46.3053674
-97.7199454,32.4588558
-99.4117197,35.8502887
-96.1739116,30.2674226
-100.4846227,40.6024474
-100.5296115,41.5155698
-100.3947116,43.5082059
-95.2893433,29.197569
-98.2212979,33.2560382
-98.8574205,47.9973741
-100.5296115,42.7668091
-99.8241447,46.0357373
-99.7901781,36.6153293
-100.5296115,39.9109261
-98.5062007,33.6152858
-100.1722667,45.0713407
-100.3510108,44.3683222
-95.8037437,29.650588
-98.5856294,48.5800408
-98.0247005,32.7094247
-100.4621366,39.1188831
-99.4117197,35.4168123
-99.6786894,36.0878773
-98.8084764,48.321573
-100.6647101,40.2633657
-97.5463885,31.8372294
-99.0792263,34.5463214
-96.5143087,30.3887337
-100.3048897,37.9900677
-100.7548851,41.2169959
-99.3913836,47.4182631
-96.195132,29.9673076
-97.2113605,31.2776209
-100.2375823,37.5965903
-100.7774424,42.1412037
-96.8994495,30.8270143
-98.9907938,34.2447514
-97.8286368,32.1591765
-95.6668306,29.2748305
-99.7548742,46.817589
-98.3307468,32.9135273
-100.8451467,40.7294603
-100.1255164,36.907169
-100.2824724,45.5736105
-99.4339343,34.957454
-100.7548851,39.4411689
-100.7548851,43.8540536
-100.6647101,38.6249702
-99.3043921,48.0617875
-100.9354944,42.9212903
-99.7949443,47.1475883
-97.5463885,31.4289262
-95.6037465,28.976066
-98.7948151,48.9284961
-100.0690017,46.5950709
-98.6160674,33.0953425
-100.5963762,45.0702291
-100.3409178,45.9321206
-97.2437105,30.9452625
-96.1102943,29.509778
-100.1255164,36.3944789
-99.9353318,35.8403295
-100.9580947,39.9318755
-98.3307468,32.5547371
-98.7921836,33.3505938
-101.0711758,41.6222686
-100.8451467,39.0218133
-99.1062244,48.6206058
-99.4339343,34.5193245
-100.7097867,38.0792424
-96.6851982,30.058443
-101.1164452,40.3819225
-96.429036,29.7025606
-101.1164452,43.2871776
-101.207047,41.3322606
-97.8939317,31.6348986
-100.5746224,37.2921654
-100.4170677,46.272397
-97.1574784,30.5842644
-99.9465077,35.4605809
-99.8623831,47.5566918
-101.207047,40.8546802
-101.207047,42.5859448
-96.974604,30.3076203
-98.6380598,32.7582646
-100.4846227,36.705369
-97.6168439,31.0777284
-100.2905053,46.8682025
-98.1994276,31.8872452
-99.5228528,34.204424
-99.9465077,35.1126894
-99.5885395,48.3795033
-99.7966271,48.0206113
-100.8551812,45.5011192
-101.2297105,39.4982095
-101.0963071,44.6462595
-95.940971,28.8687867
-101.207047,44.186694
-100.8451467,37.5208776
-96.2800864,29.2243175
-99.8571416,34.7706592
-101.3204164,39.8154944
-100.3049045,47.1813085
-101.2977322,43.8767363
-99.2785583,33.5373926
-100.3497895,35.9022267
-101.0868645,44.9855134
-101.207047,38.9048446
-101.47935,42.0920536
-99.0349977,33.043269
-101.4112049,40.1713597
-99.5084545,48.7498083
-97.9374948,31.2234177
-101.207047,38.5738772
-101.4566299,43.4629503
-100.8451467,37.0980943
-101.1277659,38.0714566
-97.0175879,29.9145971
-98.770147,32.3899783
-97.3732655,30.3431045
-98.6160674,32.1079258
-97.633113,30.6487339
-99.8571416,34.3319523
-101.6612934,41.6027856
-101.6612934,41.0484671
-100.989926,46.1022734
-101.6612934,42.7719529
-100.7209975,46.8871785
-101.6612934,40.5689928
-100.9154004,46.4195182
-100.2631501,47.8995899
-100.7097867,36.2145432
-100.2151578,34.9157801
-100.5152007,47.4784175
-100.4846227,35.5014659
-101.1390878,37.3034067
-96.2800864,28.7605821
-99.2342196,32.7827765
-99.8124935,33.8504584
-99.6118667,33.4452496
-101.7979613,43.103523
-98.539144,31.6272843
-96.8350999,29.3359054
-101.6452639,44.4788543
-97.0713572,29.5775982
-101.4465576,45.40472
-98.265058,31.1345103
-101.9348069,42.0451105
-98.0247005,30.7621955
-101.7979613,39.7877848
-97.5030669,30.0602942
-97.730807,30.3568213
-100.7548851,35.7369722
-101.375023,45.8329896
-101.8435568,43.6697464
-98.7921836,31.8249486
-101.7979613,44.1640783
-98.9687011,32.0833746
-96.7065914,29.0183936
-100.3698137,48.3313812
-101.7979613,39.2982189
-101.1164452,36.5623073
-101.9348069,40.2189681
-100.3048897,34.4705452
-102.0032957,40.7538114
-100.1009319,48.8817917
-101.6996475,45.0749504
-100.6647101,35.2252614
-101.7979613,38.9697127
-101.5930268,37.9738436
-101.2977322,36.8857621
-99.5673479,32.9141333
-101.4133369,46.2345446
-102.1175404,41.5550982
-100.5746224,34.8848373
-102.1175404,41.1597995
-101.0429675,47.3292738
-100.7359211,47.9960867
-99.3007367,32.3518245
-97.4597725,29.6946395
-101.7979613,38.4738028
-102.1632718,42.7576923
-101.207047,36.2115427
-102.2090224,43.0981855
-97.8429545,30.0817354
-98.1120116,30.4367302
-101.6612934,37.5266566
-102.2090224,43.4792464
-96.6210611,28.5585152
-98.4293891,30.8163344
-99.9241575,33.1982372
-100.3497895,33.9828684
-101.4132584,46.9178003
-102.1025857,44.5992024
-101.7507896,46.0258213
-97.0283383,28.9324595
-101.6612934,37.1892798
-100.6348409,48.6911734
-98.7921836,31.1904591
-102.3463875,40.5371334
-99.6786894,32.5700066
-101.207047,35.6953876
-99.1677572,31.6853704
-102.3005803,44.0729773
-102.3005803,39.6943996
-102.4839212,42.0640591
-102.1632718,38.7669754
-101.0087707,48.2311855
-102.0708771,45.4924267
-101.809989,46.407562
-101.1164452,35.2711377
-97.6005786,29.4214934
-97.8068851,29.6746248
-101.6612934,36.5950826
-102.5757028,41.6626247
-101.2880449,47.8825603
-102.4839212,43.7519532
-102.5757028,40.8716529
-102.5068597,40.137726
-100.8451467,34.4234967
-102.1175404,37.9831079
-101.5020752,35.9902063
-101.6157773,36.3006802
-99.1456153,31.3473076
-99.6564092,32.1451774
-101.5990581,47.3728926
-98.8473024,30.8795542
-96.9423844,28.4727659
-98.4403573,30.301432
-102.6675575,42.5867186
-100.1255164,32.8922722
-102.6675575,41.2583332
-101.8701538,46.792266
-102.1970288,45.7857292
-102.4609873,39.2488585
-98.2322355,29.9592285
-102.3463875,38.4166838
-97.5680595,29.0652153
-100.8225732,34.0520581
-100.6421799,33.6707457
-100.0135929,32.476437
-101.1245397,48.7257388
-102.1632718,37.4334472
-99.5882131,31.7122328
-99.1566855,31.0399847
-101.47935,35.323655
-102.8514837,43.179701
-102.7594847,44.1717539
-102.5124916,45.482572
-102.8975098,42.8301322
-101.4775313,48.2856867
-102.8514837,40.6014552
-101.3885001,34.9849838
-102.2937634,46.3559781
-98.1447804,29.5506433
-97.3516558,28.5673709
-97.9157099,29.2300189
-100.5971361,33.2313468
-102.1175404,36.8042351
-101.8247961,47.7279319
-102.7824777,39.4585969
-99.5562219,31.4192225
-102.7562034,44.9226181
-103.035694,41.9238995
-101.2523792,34.4302363
-102.9435536,40.1898538
-102.026135,36.3024625
-102.5179098,46.0594591
-103.035694,41.1375665
-102.0784722,47.3426608
-100.4846227,32.8625049
-97.0713572,28.093921
-101.0033112,33.7714174
-98.5062007,29.7695092
-98.9245343,30.314993
-103.1279039,41.4428071
-101.8869614,48.0622952
-100.1101199,32.0440187
-101.8777664,35.5981578
-100.3947116,32.5125405
-102.7594847,38.4133446
-102.8514837,38.8160596
-99.9465077,31.739672
-103.1279039,43.6788364
-102.6675575,37.924499
-102.026135,35.8738937
-101.7296049,35.1042931
-103.1971067,43.3870202
-99.2785583,30.6556091
-103.2663479,42.3247698
-102.4839212,37.1045906
-97.9374948,28.8819255
-102.4752802,46.9435181
-102.6044918,46.6539221
-103.1971067,44.1400311
-103.3125299,42.8203327
-99.5117328,30.877787
-103.2432632,40.4966064
-98.4581842,29.437455
-103.1509672,39.7015232
-98.9024603,29.9729113
-101.8796166,48.5479806
-102.7135121,37.5429023
-102.2259068,47.8656048
-101.47935,34.1897591
-101.7001368,48.9534808
-97.1251699,27.7764987
-102.5298028,36.7186013
-100.7323332,32.640503
-99.8571416,31.2037675
-103.0857751,45.5324009
-103.2777536,44.560737
-97.7416703,28.4064075
-103.2201828,39.3478748
-103.4742993,41.931055
-100.5071143,32.2118056
-101.7523854,34.6013881
-103.0372111,45.836267
-102.9402383,46.2058564
-100.9354944,32.9127679
-103.4742993,41.1852592
-99.3229213,30.3328407
-103.2625752,45.0536447
-102.2238757,48.2886851
-103.4742993,43.8825124
-97.5463885,28.0686169
-100.1199168,31.4266532
-98.7811645,29.5330493
-103.2663479,38.9744715
-102.3234816,35.69294
-102.6613868,47.4181133
-101.3885001,33.5816521
-98.265058,28.8390725
-101.5475409,33.8535337
-103.2201828,38.5270285
-103.6131203,40.7323784
-102.8284772,36.9194499
-101.2977322,33.2358163
-103.5899733,40.1951544
-98.6710603,29.1946572
-103.0184925,46.8230942
-102.3005803,35.2421243
-97.4651828,27.729407
-103.5899733,39.7919878
-103.035694,37.2973159
-103.6730575,44.3072143
-99.1456153,29.7037709
-103.6015684,44.8236423
-103.8216261,42.7207272
-102.2899327,48.8097085
-102.8514837,36.5564714
-98.1825078,28.4602721
-103.8216261,43.1791811
-103.2738407,46.4791977
-100.9354944,32.2873156
-103.2663479,37.8159522
-103.8680047,41.5903148
-103.4974258,38.742234
-102.7135121,36.0167419
-101.1390878,32.604818
-99.4783816,30.0242365
-103.4273195,46.148855
-98.0247005,28.1809726
-100.7097867,31.812631
-100.0583451,30.802178
-101.9348069,34.0581257
-102.1404037,34.497538
-99.8124935,30.4338473
-103.5995692,45.5482666
-103.682586,39.2936584
-103.98402,42.0636938
-103.9608091,41.2645144
-102.9043007,47.9511097
-100.3273368,31.0533548
-102.7894138,48.3478255
-100.6421799,31.4801134
-103.2615037,47.2299589
-103.5899733,38.318736
-101.8093583,33.5087283
-103.98402,40.4080357
-98.7260927,28.7868579
-102.5298028,35.0017354
-97.90482,27.7807119
-98.9907938,29.0466329
-101.5020752,32.7502053
-104.1930918,42.3666776
-103.3125299,36.9288915
-101.7523854,33.1933299
-103.5504539,46.8392675
-103.4511768,37.2922244
-102.2891314,34.209188
-99.4783816,29.5654568
-104.2279672,41.7704402
-104.1048456,44.4787941
-103.1048449,36.1664647
-104.1498865,44.1734528
-102.8514837,35.4433106
-102.7770251,48.8582096
-102.1404037,33.7960381
-103.2663479,36.4679429
-104.2395942,40.9137014
-101.0711758,31.781493
-99.3229213,29.2313748
-103.9608091,38.7691719
-103.7752634,37.9649275
-97.7199454,27.312862
-101.4339148,32.2875944
-104.3791912,42.9569629
-104.0769024,39.2255329
-103.4450681,47.7273702
-104.0872919,45.603603
-98.6160674,28.2610528
-104.3791912,43.7140875
-104.262851,40.0928346
-104.4024704,41.2682588
-104.2233903,39.7102015
-98.8803925,28.5222261
-100.8903099,31.2557696
-103.1232221,48.6553463
-103.9638652,46.3957145
-103.98402,38.3337392
-102.7594847,34.6734397
-100.7097867,30.9086037
-102.1861447,33.4387565
-103.682586,37.0549579
-103.3913071,48.2377854
-100.0135929,29.8470618
-104.4606845,40.5380249
-104.3565714,45.2240699
-101.7751709,32.5017061
-104.6121475,43.1931991
-98.4403573,27.8071978
-102.7135121,34.2857451
-104.4958648,44.6550526
-103.9343249,47.1885772
-99.2342196,28.683635
-100.5296115,30.3776869
-103.3125299,35.564878
-104.332644,38.969277
-104.705431,42.3395285
-103.6362715,36.4256607
-104.4257533,39.3652524
-104.0072348,37.5619311
-103.1971067,35.2114003
-101.47935,31.7900341
-102.5699643,33.76905
-104.5888356,40.2520213
-104.7520939,42.7558694
-103.7752634,36.7062837
-102.1518372,32.9217345
-100.3497895,30.0268915
-98.1775638,27.3568449
-99.9912254,29.5047519
-103.1163739,34.8631432
-104.7237666,44.0809548
-104.705431,40.7749283
-103.891313,47.7536918
-104.798771,41.7067901
-101.7523854,32.0341947
-104.798771,41.0791985
-104.4257533,38.6296244
-97.2437105,26.2603765
-99.5896043,28.8435905
-104.6821048,39.8786639
-103.4981912,48.9182058
-104.3183897,46.7836649
-102.5068597,33.3181424
-104.053676,37.0950871
-103.7131392,48.5039863
-104.8519382,44.5140964
-104.655297,45.8012848
-104.7170954,39.5815071
-104.4257533,38.1345872
-104.5578112,46.3203172
-104.7873303,45.3596666
-104.9155243,40.4891031
-102.9090191,33.8599212
-102.1175404,32.2679714
-104.7170954,38.971667
-103.9608091,36.2600564
-104.9213643,40.1036871
-97.7634019,26.5147365
-105.1258955,42.0906629
-101.0711758,30.5146701
-104.8221147,39.2942344
-103.3125299,34.5265446
-102.5527505,32.9593269
-100.3497895,29.4771883
-98.1775638,26.8895624
-103.8216261,35.721323
-104.1854863,48.1206777
-97.330053,25.9739925
-105.2194808,43.2261477
-101.5702813,31.1507329
-105.0498966,39.7752563
-98.8583309,27.4783807
-104.5322165,47.5122967
-105.1960795,40.7695876
-104.7754307,38.3588522
-103.3125299,34.1776535
-105.2492677,44.3101623
-102.8514837,33.1720847
-101.9119871,31.502598
-104.8921668,38.652249
-99.745565,28.4396113
-97.633113,26.0993063
-104.3791912,36.6760164
-104.752366,47.2037626
-104.890165,46.7488292
-105.2893713,44.7577919
-104.5655273,37.1583021
-104.1466046,35.896856
-103.8216261,35.0327866
-105.3833808,41.0996164
-102.7135121,32.6987519
-102.2662372,31.9066538
-104.7520939,37.6365381
-105.1025075,39.0540773
-105.4536718,41.3844415
-105.3485234,45.0543171
-100.8451467,29.6666145
-104.3791912,36.3371529
-103.2201828,33.5739099
-104.6899532,47.8135324
-104.4174786,48.5183938
-105.3833808,40.4265618
-100.2151578,28.7974674
-104.2619211,48.9274112
-98.4513272,26.721403
-104.9622498,38.0869606
-98.1120116,26.3546817
-105.3716684,40.038629
-98.7481167,26.995506
-99.2563859,27.5455097
-105.3709472,45.666618
-105.336536,39.5099753
-105.6412527,42.1360614
-100.7746224,29.371586
-103.7057493,34.2864767
-105.6881788,43.8380643
-105.7351171,41.6577881
-102.1404037,31.210594
-105.6412527,40.6494492
-104.8504075,48.1161946
-100.5858786,28.9644955
-99.6786894,27.8186842
-102.644587,31.9699065
-105.3131185,38.5558236
-104.0304535,34.6838523
-105.2313568,47.1797074
-101.2523792,29.7696231
-102.8514837,32.2838911
-104.5655273,35.9739272
-105.6647142,40.2285281
-104.262851,35.1750338
-103.1509672,32.8084124
-105.6719601,45.3545888
-105.6177942,39.7942815
-104.9856176,37.1469098
-105.92299,42.7866299
-98.4622987,26.3343916
-102.4151335,31.4093115
-105.876004,41.3648343
-103.8216261,33.9895027
-105.5474373,39.0555067
-104.7287332,48.949951
-104.798771,36.327458
-105.4862307,46.945613
-98.7921836,26.5720043
-99.1456153,26.9235191
-105.3131185,37.7300491
-106.0640179,42.1149191
-103.4511768,32.9753361
-105.6616219,46.6238963
-105.7633922,46.274766
-106.0169971,40.912961
-105.5005483,38.0364889
-106.1119934,44.5663431
-105.1379356,48.6492191
-105.6412527,38.3883641
-106.106694,45.1006438
-102.8514837,31.5679903
-104.9272044,35.8327657
-104.3791912,34.4473218
-106.3110622,43.4211455
-105.92299,39.1662589
-105.5724672,47.8969216
-106.1733267,45.3987061
-106.0169971,39.476845
-105.2150915,48.9473682
-103.2663479,32.106673
-106.3934777,43.0981345
-105.5474373,37.4074724
-105.2897042,36.5816643
-105.4536718,37.0856352
-106.1757203,40.0571876
-106.2992912,40.7146546
-102.026135,30.0201325
-105.8199025,47.5392116
-104.7520939,34.9214883
-105.2428853,36.1645809
-104.0072348,33.2662245
-67.0866619,18.512177
-105.6163785,48.379169
-105.8055471,37.7259495
-106.0328157,47.2278344
-106.6291304,42.7979846
-106.5909543,44.2317003
-102.7594847,30.8568345
-106.2051484,38.964013
-105.0557415,35.2064228
-106.2992912,39.2750853
-106.3338079,46.5079196
-106.676292,42.1409889
-105.2238868,35.5939574
-106.3934777,39.6648024
-106.7234639,43.6130506
-104.3791912,33.5744944
-106.1110501,38.2411424
-66.7464487,18.4528424
-106.6357149,45.0996722
-106.6889853,44.6142298
-106.2051484,38.5560641
-105.6647142,36.4897934
-106.5659429,46.1585559
-104.798771,34.2660939
-105.8639461,48.7137371
-106.7706458,41.1958117
-105.5239912,35.9153639
-104.4024704,33.2423538
-66.2962203,18.4622387
-106.9594723,42.4816561
-67.1273268,18.1396704
-103.8680047,32.1749767
-106.0875326,37.3128275
-106.8178377,40.5989331
-106.3374373,47.9199766
-106.7942405,39.906752
-106.2840615,48.2435183
-106.5819789,38.8284657
-106.947305,45.4382679
-107.0539434,41.698061
-105.6177942,35.604708
-65.9809329,18.4481264
-66.7367345,18.152217
-106.7106962,47.048489
-104.4097593,32.83829
-105.9112424,36.2346751
-106.6510617,47.4186461
-105.5474373,35.2074494
-106.3934777,37.6231283
-107.1441408,44.9265874
-103.6362715,31.3511246
-106.3399402,48.5838725
-107.2666396,43.1361704
-106.1110501,36.5765421
-107.0539434,40.2861621
-107.2965635,43.936402
-106.8650395,39.1116318
-105.4536718,34.7032677
-107.0713516,46.2888321
-106.9594723,39.4206134
-66.1534242,18.1991076
-104.3791912,32.3391752
-106.8178377,38.5084518
-107.2784615,40.9719239
-107.2429976,40.5740901
-65.6539717,18.33213
-105.0791228,33.6210476
-106.0657318,35.8890389
-107.4586278,44.3632707
-106.8001474,48.0448635
-66.415246,17.988847
-106.5362113,48.8645092
-107.2983852,46.0078911
-107.3955904,45.5047426
-107.4826494,44.7399121
-105.9464874,35.3899203
-103.7752634,31.021636
-104.798771,32.7765423
-107.6215321,43.287261
-107.5741855,41.8879066
-107.3249521,46.6754492
-105.5005483,34.1343104
-107.2429976,39.2165648
-107.3375791,39.6044937
-65.9155215,18.0126754
-106.676292,36.9164054
-106.5112712,36.3731341
-107.5268471,40.2928811
-107.0067031,37.8235744
-106.0169971,34.9733187
-106.9535431,48.6782999
-107.1484521,38.2546994
-105.8290298,34.4813762
-105.1726816,33.0832841
-106.3346061,35.6673459
-105.4185227,33.5018887
-103.2201828,29.722569
-107.6813682,46.2625494
-107.811,41.2694332
-107.4437644,47.4993861
-107.9321412,44.2309744
-107.763621,40.7685941
-107.5714189,47.156704
-107.9824261,43.9400396
-104.0072348,30.7713229
-107.0067031,37.1604318
-106.5819789,35.9193317
-106.3228338,35.2102646
-107.9291573,45.4392278
-107.9028983,45.9120588
-107.763621,39.9777424
-107.5505152,38.9065418
-107.3375791,37.9799268
-106.9594723,36.7078973
-108.120312,44.5612014
-105.2662931,32.6311745
-107.415912,48.5660996
-108.1903059,43.0453134
-106.888644,36.2769533
-105.8290298,33.7000432
-108.2038193,44.853652
-107.763621,39.1764932
-108.0241887,46.4449873
-105.6412527,33.1997749
-106.2522143,34.381418
-107.71625,38.4948194
-104.9856176,31.7786811
-106.7470536,35.364473
-106.6468148,35.0848894
-107.6075659,48.8672563
-107.71625,38.1680453
-108.4670603,43.7102608
-108.3942141,45.5576428
-107.5268471,37.3732948
-105.6647142,32.779419
-108.0954351,39.4856281
-107.957781,48.0281564
-108.2242196,47.0113803
-108.4005253,45.9877683
-104.2395942,30.2495127
-103.682586,29.4020243
-108.0124469,38.8037788
-106.5819789,34.5518045
-108.6045371,44.9215815
-108.6413145,42.98921
-107.0539434,35.5970817
-107.4321959,36.6378179
-107.1957203,35.9577673
-108.4038672,40.3305891
-108.3326648,39.8864774
-106.0169971,33.1509824
-108.7125791,42.6188338
-108.5225709,40.6456382
-108.5570627,46.4762754
-107.71625,37.0952788
-108.308934,39.0694158
-108.1903059,38.4200117
-107.5031811,36.1862804
-108.8348311,45.4249562
-108.9339183,44.0830146
-104.7520939,30.5074562
-108.8009331,46.0782044
-108.9502232,43.2926219
-106.099291,32.8440404
-108.5225709,39.5363327
-108.5387587,47.7897615
-108.7172988,46.9694273
-107.2666396,35.2468781
-108.902683,41.3615496
-109.0427429,44.5205544
-108.3120579,48.8372286
-107.1957203,34.9368642
-108.7259596,47.4123275
-106.8414374,34.1054432
-109.0671191,45.1130765
-104.5422225,29.9218997
-108.7600963,39.9351076
-108.0954351,37.2023531
-108.5700636,38.7643854
-109.0445744,46.4332145
-108.3326648,37.6191472
-108.6845495,48.4021993
-108.7838572,39.2728339
-108.1072924,36.8368861
-107.9531836,36.348812
-105.6647142,31.4060612
-105.92299,31.8403844
-109.2681386,45.6041631
-108.6888227,38.4001285
-108.7498486,48.7645002
-108.8551484,38.9594472
-108.6650678,38.0983954
-109.4259114,42.1543456
-106.2992912,32.2341201
-109.2355764,40.2499367
-109.2174626,47.6946777
-109.3668454,46.9784182
-109.5876225,45.2159252
-108.9502232,38.6204422
-109.4259114,40.922044
-109.5211063,41.5248947
-108.736337,37.7386733
-109.7101455,43.645417
-109.3831704,47.421115
-108.439474,36.6384084
-109.7204609,42.7462761
-107.9650353,35.3019391
-109.6983436,45.7391894
-106.287521,31.7599791
-109.2216316,48.4762577
-109.6630131,46.324726
-106.7706458,32.6111999
-108.7600963,37.3437874
-109.5285205,40.4553668
-109.8544195,43.1709988
-107.5741855,34.0217515
-109.7628306,46.6266707
-109.9196353,45.0300341
-108.0005933,34.9452034
-106.7529514,32.3001619
-106.5937658,31.9851174
-107.2528227,33.1284186
-109.4735066,39.2157449
-109.8625942,47.0923695
-108.3563972,35.4216934
-109.8593564,47.4179762
-107.5031811,33.4038787
-107.2193578,32.7900537
-109.8067916,40.150096
-109.2831531,37.9544337
-109.4735066,38.5719944
-108.6650678,35.9426058
-110.1270792,46.3206022
-108.9502232,36.7326103
-109.925868,40.4627052
-110.2355647,42.9522731
-109.8793536,48.0293638
-110.2355647,42.5016528
-108.1428669,34.4529212
-110.3031603,45.3788441
-110.3893694,43.9747287
-110.2311892,46.7828484
-110.1879106,41.0966747
-109.8709479,48.6947876
-110.4563785,43.5467396
-109.4259114,37.5617484
-110.2832217,41.3879893
-110.0249954,48.3548028
-108.76,35.57
-110.5086287,45.6549575
-108.1428669,33.9368342
-110.576987,45.054526
-109.3307345,36.9182396
-107.1957203,31.9802641
-110.6424411,44.4620852
-107.6215321,32.7544974
-110.2593928,40.2849128
-110.5692179,42.0234559
-110.616649,46.1101801
-110.4969692,47.3012122
-110.7330612,45.3669913
-110.7846754,43.1108667
-108.7125791,34.706441
-110.1879106,39.0495889
-110.8801269,44.0344776
-110.5542096,47.8645245
-110.83145,42.5598817
-108.6175626,34.2936515
-110.4345356,48.654893
-110.9266905,43.4768386
-110.7722235,46.9851908
-107.9739244,32.8422371
-110.9438884,45.6910549
-110.7133414,47.5879126
-110.4500422,39.5796427
-110.5692179,40.0906425
-108.5700636,33.9142871
-110.9506636,42.1790222
-107.763621,32.2518727
-110.6806415,48.400395
-110.7599266,40.5249055
-111.1546554,43.7728045
-111.0434996,46.6704899
-111.1738958,44.7852682
-111.1175767,42.7676035
-110.9652537,41.2664704
-111.1566913,45.9674002
-109.6639309,36.0710614
-110.9745074,40.8149043
-111.1346012,47.1803741
-111.1414226,41.7629175
-110.7956878,39.7235022
-111.3125744,43.0840728
-111.3748003,44.0915679
-111.4150397,44.5061332
-111.2976263,42.3220004
-110.83145,39.4297949
-108.3326648,32.6932418
-111.2015592,47.7416573
-109.6639309,35.567652
-109.2831531,34.6145479
-108.7125791,33.3306832
-111.4037407,42.0349365
-111.4820601,46.3839014
-111.2964262,41.0336025
-111.5745892,43.5583182
-110.4262088,37.4276131
-111.5229817,42.7447764
-111.5684932,45.8869053
-111.2319363,48.4625296
-111.3180711,48.0501083
-111.158664,48.9384611
-109.1166566,33.8494722
-111.703222,44.7978687
-111.6977493,45.5637394
-111.3321974,40.4940545
-109.3307345,34.2224056
-111.617361,47.5986589
-111.6969892,47.1929252
-111.7614661,42.5106129
-111.8807426,43.8006736
-111.689921,41.7131433
-109.140438,33.4794346
-111.5468301,40.743503
-111.642224,41.3025786
-111.9186135,45.0669792
-109.6639309,34.5516281
-111.6958585,47.8931148
-111.3321974,39.473762
-110.9506636,37.9430873
-111.4275888,39.7711431
-111.9463933,43.1831097
-111.9205455,46.7815672
-111.5587544,40.1087327
-108.7600963,32.4098844
-112.0107769,46.439645
-112.1037736,44.7173466
-111.7456544,48.5087211
-112.1138491,45.381325
-111.9701346,42.1353921
-110.8076084,37.030294
-111.7256936,40.3882329
-111.9266797,48.1798805
-111.8687825,40.9215101
-112.194479,45.9207297
-112.2247737,44.4019799
-112.1982126,43.5277581
-112.1231144,47.107472
-111.3083499,38.2197732
-112.2060201,42.8502951
-112.0237903,41.3798231
-112.1072528,41.8480264
-109.4735066,33.3826263
-109.140438,32.6993994
-111.9113062,48.883319
-110.1879106,34.9295835
-111.6541483,39.2630749
-111.9701346,40.626106
-112.262246,42.5407152
-109.8782348,34.1104047
-111.8330106,39.8689088
-109.4021154,33.026677
-112.2548891,47.5739414
-111.6183755,38.8623836
-112.4118784,43.7878939
-112.3514774,46.8567824
-110.0926112,34.3515463
-112.3473914,48.0322531
-110.6168921,35.4024499
-111.6541483,38.4051315
-112.1191757,40.2809139
-108.902683,31.730887
-112.4768287,42.178238
-112.6193088,43.3843255
-112.6760459,45.8813076
-112.4325842,48.3283825
-109.140438,32.0011196
-112.6731679,43.0671398
-112.4768287,41.4214163
-112.7760257,46.5857167
-112.8378824,45.0346471
-110.4738762,34.5409572
-111.9760964,38.6927489
-109.7948852,32.8220658
-112.6474826,48.6628747
-112.858217,42.473389
-113.0212247,46.1095314
-111.9284017,37.9390334
-113.0555219,43.9016621
-113.0990993,45.4136242
-112.858217,41.8731037
-110.1879106,33.3074254
-112.6675398,40.3054744
-113.1165652,47.02393
-109.3307345,31.532854
-112.762883,40.6725315
-112.3814624,38.9505004
-109.5449078,31.8717268
-113.1980732,46.6793985
-112.5245093,39.4356084
-113.2478323,43.5169377
-113.3043944,44.4661966
-111.7614661,36.6875005
-112.3814624,38.5522531
-111.3798928,35.4318117
-110.0449662,32.4229262
-113.4647823,46.3374643
-113.1903952,48.7606966
-113.287085,42.1955973
-109.9020509,32.054524
-113.5805026,45.5484323
-112.1430215,37.1052853
-112.3814624,37.8294377
-113.429984,42.5006559
-110.7599266,33.552824
-109.7353569,31.534698
-113.6038185,47.4760083
-113.712571,45.8396617
-113.6808648,46.656509
-113.429984,41.7516584
-113.704071,44.3793041
-112.6437026,38.2793326
-111.4514369,34.9360706
-113.7590804,43.9031049
-113.8332759,45.3138267
-113.6441959,48.2615747
-111.7614661,35.3605853
-110.6645683,32.8814022
-113.812319,43.4322521
-110.5453816,32.5776178
-111.3321974,34.2184226
-110.0687883,31.6560216
-113.9120099,46.9539821
-113.9660111,44.9479845
-110.3785438,32.1500959
-113.8108805,42.4176973
-114.0159157,46.3584632
-111.6183755,34.6735309
-112.9773703,38.4109847
-114.0163327,47.3231076
-110.9506636,33.0902166
-113.9709615,48.0006677
-114.114863,44.6395944
-113.964823,42.7566707
-114.1108128,47.7182994
-113.9060624,41.7233495
-111.3083499,33.5199031
-113.8584737,41.1663079
-114.1493337,43.0919286
-114.2907132,45.7913818
-110.7360863,32.2850828
-112.762883,36.9413325
-111.5229817,33.8436765
-114.1413442,48.4479632
-114.2559471,43.6006653
-110.402376,31.5574017
-113.0618938,37.6773334
-112.1430215,35.1207927
-111.022196,32.6683735
-111.9045541,34.451389
-114.4624987,45.4317458
-114.2571871,42.411513
-114.5004747,46.7192538
-114.4817947,44.2443603
-114.4918933,47.1334522
-113.1203315,37.3764602
-110.6884072,31.7278215
-113.9060624,40.042709
-111.4514369,33.1945063
-114.4050709,42.7331019
-114.5186984,47.8779762
-114.4513138,48.8254015
-111.7495419,33.6211391
-111.022196,32.1057222
-112.262246,34.69951
-111.9999435,34.0951738
-113.9060624,39.3413752
-113.2394452,37.088313
-114.7078087,43.383231
-111.3679689,32.5751284
-114.729906,42.9603186
-112.5721881,34.9959547
-114.882931,47.4602056
-111.8210866,33.3091946
-113.5014213,37.4185294
-111.642224,32.9026175
-114.9394849,44.412307
-112.0714835,33.7635354
-110.9506636,31.5306501
-114.9626904,47.1497031
-114.7024179,41.8916108
-113.7156809,37.7959589
-112.4529878,34.4525009
-114.8849907,42.6233721
-114.8471196,42.3331497
-114.9193502,48.8900667
-115.1378849,46.3672032
-114.7142918,41.202517
-114.1914951,38.9648711
-112.3814624,34.0229681
-112.1310986,33.4438042
-113.6561725,37.1331793
-111.4275888,31.9698537
-111.9760964,33.013212
-115.2197042,44.1904277
-115.2616764,47.7484762
-115.2045679,43.0584423
-115.4302732,45.7290547
-112.4649083,33.657298
-115.4793083,47.3825383
-115.5053123,44.7513936
-115.4365207,48.2145326
-115.5289483,45.1033105
-114.025014,37.3476653
-114.3341432,38.1816797
-113.0965064,34.766891
-114.8092691,39.5699721
-115.7734124,46.5238472
-112.858217,33.9309061
-112.5721881,33.3072204
-113.6204644,35.6990867
-113.1441558,34.4640909
-115.8817761,45.9654415
-115.776099,43.9409512
-115.3311689,41.022024
-115.6912313,43.1327549
-113.5966577,35.3938884
-114.1558258,36.74283
-115.9055009,47.6160697
-115.3548713,40.7319906
-112.1430215,32.0577019
-116.0343194,46.255167
-115.9564435,48.153982
-115.9289608,48.6521759
-115.8326264,42.8141096
-116.0834443,44.6710886
-116.1298716,47.3304552
-116.1510126,45.3533175
-114.0488007,35.8975479
-116.2001148,45.6643025
-116.2311705,46.9921955
-116.1500678,44.1035325
-114.6192899,37.2383378
-116.1170738,43.6156568
-112.5245093,32.3318032
-115.7575196,41.1852816
-113.0965064,33.4184018
-113.8584737,35.1115663
-116.3330204,46.5418825
-114.4468706,36.5432947
-112.9535409,32.978219
-116.4330159,46.1211546
-116.4346649,48.1862312
-116.4557806,48.5881019
-116.5106896,44.943524
-114.4292148,35.9802449
-116.5622428,47.2237308
-116.1123078,41.7173606
-116.5601562,47.8996027
-116.4956539,43.920401
-116.5723905,44.3721982
-114.2390498,35.1974154
-114.3816818,35.5386229
-116.5346883,43.6189362
-116.7198006,46.7459277
-116.4611796,42.9643016
-116.718295,45.5353824
-116.7246077,47.5197272
-115.2363408,37.7008566
-116.7796075,46.327252
-113.3347215,32.9890375
-116.7895128,44.7140163
-116.6528657,43.3381901
-113.7156809,33.6758287
-115.188916,37.2716661
-116.3249438,41.34812
-114.0963705,34.4373193
-116.8329712,48.7530036
-116.1832068,40.5153706
-115.7811869,38.8577203
-116.942056,48.0381062
-115.9940986,39.564892
-116.9334199,48.40441
-114.8344942,35.9782266
-116.9152569,43.9811247
-114.3697976,34.7444764
-115.0228736,36.3193563
-117.0860503,47.2386965
-117.1359547,46.8905208
-116.9424389,43.5939397
-117.1416182,46.0809026
-117.1463074,47.61397
-114.583658,35.0099901
-117.218588,46.5776806
-117.1496431,44.9420457
-117.2064356,45.2494095
-117.2741441,45.7600276
-114.8567482,35.4357207
-114.3222577,34.1705136
-115.9467997,38.3675335
-117.3325795,48.2813375
-115.2244853,36.0402159
-117.3680555,44.4071743
-114.0488007,33.2276646
-117.3462566,44.0179311
-117.4445166,48.7275132
-117.5374997,47.9070153
-113.8822686,32.7735395
-117.5759564,47.4869312
-115.5207358,36.4303079
-117.6697301,47.1090405
-117.7757939,48.1664403
-117.1264753,41.0357702
-117.4636534,42.6338814
-117.7863834,45.1793302
-116.9852422,40.3551933
-117.7762734,48.9569383
-117.8906646,46.7989814
-117.8797007,45.6428118
-114.6667939,33.7310815
-117.8447019,44.8012716
-117.9516629,46.4072174
-115.2363408,34.9399855
-115.6154732,35.8397983
-117.7193002,43.5295375
-117.9833201,47.8972485
-118.057945,47.3447407
-117.9365461,44.3376818
-116.9852422,39.4381245
-114.3579131,32.6766818
-118.1238885,48.4090953
-115.8758354,36.0446551
-118.1544563,46.1399749
-114.6430427,33.2100702
-116.8910342,38.9203763
-115.6154732,35.3490313
-118.1770385,48.7751328
-118.2333739,47.638343
-118.1761862,45.3598917
-116.0886704,36.3800305
-118.1423565,43.8087042
-118.3708505,45.6959743
-118.437948,47.1159126
-118.4262951,46.4050837
-117.9064723,41.7274575
-118.3939852,44.7952001
-114.8092691,32.9005186
-114.6905436,32.5653176
-118.5768454,48.9084992
-116.4665975,36.5327457
-118.6361969,46.851054
-118.6384645,46.0979435
-115.5681084,34.2450533
-118.7027718,48.199443
-118.7321539,47.7390029
-118.7423382,47.3302525
-118.5223195,43.9823014
-118.7255276,45.3742252
-118.6393114,44.3876721
-115.3311689,33.3365588
-118.9197656,46.3537739
-118.0186087,40.4674445
-118.521529,42.58252
-118.5867362,42.8718405
-119.0204655,46.9778264
-116.2422739,35.0926761
-119.0618141,48.0361158
-115.3311689,33.0001078
-118.5204567,42.126672
-116.8910342,36.5512675
-118.8519315,43.5770178
-119.1286231,46.0458771
-117.2676116,37.2568366
-119.2229501,48.6660131
-119.0064534,44.127198
-116.0560817,34.2327172
-118.4863963,41.1650556
-119.1318609,44.7742237
-119.3322613,48.3734468
-119.2639492,45.6767703
-119.177692,44.3991293
-119.4064076,47.6383232
-115.491124,32.7283132
-118.9744161,42.7656697
-119.4197414,46.4132585
-116.7142835,35.2682707
-115.9822747,33.5381708
-119.5590063,48.027237
-119.4833475,45.3270489
-119.6109085,47.3446909
-116.6553351,34.8628939
-116.2540856,33.861935
-119.674123,46.9004648
-116.4429944,34.1502862
-118.1590786,38.4814961
-119.751346,48.8695224
-119.7626844,46.1170783
-119.6232815,44.6763453
-119.8740118,47.6997756
-119.7890657,45.7763971
-118.0654445,37.8039527
-119.578086,43.5314925
-117.3851496,35.7661578
-120.0292008,48.1652272
-120.0596234,47.3128721
-119.8117445,44.1397576
-116.8910342,34.4375566
-118.777043,39.4748735
-116.5373923,33.630717
-120.0936084,46.3890119
-116.3749797,33.2566501
-117.2205771,34.973582
-116.7850009,33.9155838
-120.075898,44.9529073
-116.1950214,32.6523343
-120.213925,45.9034459
-120.1556491,45.2575974
-118.1590786,37.0710057
-120.3656104,47.8393604
-120.2364402,45.5642993
-118.7198004,38.565724
-120.3807411,48.5126317
-118.5564526,37.8909018
-120.1995736,44.5915764
-117.6904167,35.5897118
-117.2911248,34.6498616
-119.8576681,42.4790367
-118.4012724,37.361495
-120.481318,47.5023365
-118.0888578,36.5131184
-117.0676398,34.097004
-120.4454218,46.6140435
-120.2509613,44.1731904
-120.5478652,46.9965275
-116.7260713,33.2123927
-116.6317514,32.8997738
-119.2785638,39.4101256
-119.1390642,38.9524739
-117.666952,35.0073527
-117.0558707,33.6345169
-118.1590786,36.1155819
-120.6422771,45.465797
-116.6140621,32.5841377
-118.0654445,35.7377864
-120.8083774,47.2548315
-117.5261025,34.4290417
-120.6265837,44.9552895
-120.7623882,45.9511662
-120.1009365,41.8936434
-118.8363756,37.5822629
-117.3263893,33.890925
-120.8335501,46.3087413
-120.9263261,47.7827941
-120.8908378,46.6415187
-119.6962677,40.0115285
-120.1082935,41.4952685
-117.0499859,33.090285
-120.6652964,44.0112906
-117.2440957,33.3826505
-117.5848025,34.0965313
-116.9675814,32.7963222
-117.8780275,34.7311394
-119.1041691,37.8130468
-119.7194377,39.6851741
-120.3798102,42.2130921
-118.6964752,36.5946314
-120.5118181,42.5981607
-119.3250347,38.286368
-121.1865146,48.8054774
-119.5803605,38.8502851
-119.7078532,39.2246072
-119.5073543,38.566199
-120.6744377,42.9002382
-118.4163103,35.6283762
-118.9994357,37.0875479
-121.2391801,46.8249724
-121.2997327,48.1521463
-117.9014654,34.3780816
-121.164612,45.7258713
-120.2444251,40.8416845
-121.135253,45.3805725
-117.5730639,33.5941759
-118.7198004,36.2106674
-118.6031402,35.9013575
-120.1358346,40.3168394
-121.0060526,44.2115115
-118.2526623,35.04403
-121.0918444,44.6526836
-121.1499268,45.0452974
-120.112735,40.0060389
-117.7901088,33.8459536
-120.9370574,43.175126
-118.2526623,34.7190908
-119.1158017,36.8003047
-121.5305972,47.1232741
-119.0227159,36.46896
-121.581634,47.8908057
-118.0127534,34.0791053
-121.2196397,43.9657221
-121.6253065,47.440837
-121.6648381,48.57163
-119.742604,38.2099465
-121.5527585,45.9856529
-119.9971769,38.8864448
-118.61481,35.224821
-119.4875668,37.4067748
-121.632488,46.491285
-119.3947135,37.0795598
-120.2974199,39.6529758
-119.9277947,38.4660573
-120.2051096,39.3021948
-121.6164031,45.629922
-120.6199895,40.6402981
-120.8700709,41.4984986
-118.3111262,34.2864053
-119.1274334,36.1332276
-121.8040452,46.8667428
-118.9062794,35.5217431
-118.1495712,33.8084732
-121.5514717,44.3498649
-121.9872341,48.8291901
-121.7335849,45.2496376
-119.3947135,36.5279315
-121.2464384,42.4762117
-120.9364842,41.1594371
-122.0058344,47.957735
-119.9277947,37.8492572
-122.0243323,47.6556113
-119.1623231,35.7949326
-120.6890055,40.08226
-122.05787,47.144155
-122.1265649,48.540308
-118.4338345,34.0050173
-120.6660044,39.7714958
-118.6964752,34.5455162
-120.134325,38.093014
-119.6788877,36.8303133
-121.6331637,43.4990707
-122.0815396,46.5871265
-119.9277947,37.4610214
-121.8829002,44.7588049
-121.3450422,42.021989
-120.3666099,38.6289451
-119.0227159,35.1090685
-122.1561155,46.1794789
-118.6848112,34.2124444
-122.3263227,48.2110589
-122.3107873,47.3964883
-119.0027936,34.8177796
-119.5603945,36.0980204
-121.6405042,42.6090811
-122.1530408,45.4002673
-122.4488845,48.9768583
-121.3222079,41.1376262
-120.8384093,39.4678844
-121.8017941,43.089657
-119.7657663,36.4272476
-121.1022942,40.2575719
-120.6890055,38.9167124
-122.2984272,45.8590341
-119.464359,35.6146443
-120.043412,37.0190777
-120.5048792,38.2449553
-122.5131749,47.7488881
-122.4571136,46.9426716
-121.687948,42.1675574
-122.0917389,44.0604696
-122.1722144,44.4016958
-122.4969332,46.4775084
-122.6403231,48.5013418
-119.0692659,34.4089106
-120.7234992,38.5358153
-122.3675942,45.1447659
-120.4818446,37.8475928
-121.4305473,40.7877012
-120.9646866,39.1766853
-122.6957073,48.055251
-122.3483068,44.7363539
-120.4127161,37.5385285
-119.4565338,35.1424304
-120.112735,36.7057988
-122.5130927,45.6063161
-122.7741913,47.3146613
-121.4684703,40.3696189
-121.6932438,41.0249681
-121.2511908,39.5147718
-120.0202964,36.1003959
-121.9097932,41.7151012
-120.4818446,37.2276426
-121.0564425,38.809388
-122.7813649,46.1511496
-122.4110534,43.7373851
-120.8728615,38.1388264
-119.9046594,35.6355
-123.0433442,48.9849733
-123.0125064,47.7267173
-122.6993442,44.9557422
-122.7700372,45.3611308
-122.9490589,46.7417817
-123.0781062,48.5513671
-122.8706848,45.8350663
-120.8498944,37.8189573
-121.6054893,40.0694093
-121.1022942,38.4919885
-120.3666099,36.4974358
-121.9653328,41.242143
-119.4875668,34.4212588
-123.0511606,47.0670291
-123.1273844,48.0217704
-122.6544721,44.1465327
-121.8443352,40.661649
-120.769476,37.4269945
-123.0190451,46.4063796
-121.3427262,38.9988271
-122.7709422,44.5395868
-119.8005027,34.973386
-120.5739579,36.8114708
-122.4570805,42.8054422
-122.580173,43.3022235
-121.6511258,39.7213638
-121.856261,40.3069141
-123.2827705,47.4624816
-122.819756,43.8798195
-122.3308804,41.7368977
-121.4056153,38.6634039
-121.2397438,38.1845539
-122.4562968,42.1990323
-123.13223,45.570171
-120.8499249,37.0583373
-120.2051096,35.4137653
-121.7537404,39.4384517
-123.2831436,46.0522259
-123.169011,45.0955508
-121.2397438,37.7630254
-122.375973,41.2843071
-119.8696691,34.4301656
-123.0776058,44.2553286
-121.1481284,37.481683
-122.8482875,42.9772674
-123.4485556,46.3196061
-122.7792982,42.5943738
-120.5739579,35.8674281
-122.3844187,40.9608794
-123.5820388,47.0786755
-120.2051096,34.9339263
-121.8334868,39.0676575
-122.28015,40.4526321
-121.6054893,38.3807344
-123.2785942,44.5642722
-123.6034682,46.6357403
-120.9417368,36.5501406
-122.1973081,40.0358413
-120.147383,34.6182169
-123.1233293,43.4278682
-123.8115765,48.0643594
-122.886705,42.2855796
-123.7814796,47.4300904
-120.4818446,35.1777937
-121.856261,38.6651725
-121.6022434,37.9011827
-123.3137388,43.8003811
-123.6984177,45.9149222
-123.5485564,44.8870108
-122.8946586,41.8655388
-120.7005044,35.4652141
-121.3084088,36.9119865
-123.717363,45.4829108
-122.7998611,41.2828126
-123.9260215,46.8765217
-123.4974762,44.127802
-121.822098,38.1349416
-122.3107517,39.5004505
-120.9417368,35.8425661
-121.1237187,36.2143294
-123.7789999,45.1561518
-122.6842859,40.4925482
-123.95211,46.1993142
-121.6397184,37.385095
-120.5509358,34.7386458
-122.8162341,40.7679341
-124.0499569,46.4914786
-123.7592336,44.6085671
-122.3107517,39.1274525
-124.140048,47.1774226
-121.3770336,36.5999881
-123.4822358,43.2498711
-123.3273155,42.5052649
-123.4351223,42.9253904
-122.2427,38.8297286
-124.2838835,47.7716039
-123.2932568,42.1439835
-121.8676464,37.6436199
-123.7402935,43.6287367
-122.0780632,37.9193365
-121.6511258,36.7918545
-123.8718859,43.9928366
-123.1710196,41.1634079
-124.4985585,48.304587
-122.2427,38.1876611
-122.3787597,38.5241378
-124.0170548,44.3146762
-121.9857002,37.2876164
-123.4584404,41.6824048
-121.5141615,36.0514956
-123.6414582,42.3034585
-123.1647126,40.5625336
-122.6616518,38.9713832
-121.7327145,36.4799547
-121.9501551,36.9764598
-123.9670887,43.0883711
-122.2483726,37.5331558
-123.1832226,40.1847614
-122.9212265,39.2159095
-122.4212424,37.7929789
-124.1803323,43.4807411
-123.4838156,40.7778073
-122.6420207,38.235501
-124.0025005,42.5974886
-123.213851,39.8066831
-122.8197329,38.5467657
-123.8816511,41.8717464
-123.7339177,41.1122923
-123.0113568,38.8143447
-124.3639663,43.0947438
-123.6497843,40.4606038
-123.3486147,39.505272
-123.6005849,40.1695107
-124.0391342,41.5863265
-12